0,3,4
0,8,14
0,9,10
0,11,18
0,19,15
0,20,3
0,28,7
0,29,5
0,32,13
0,33,12
0,35,12
0,41,13
0,43,9
0,48,19
0,50,16
0,52,3
0,53,15
0,54,18
0,55,13
0,57,13
0,59,1
0,64,10
0,66,15
0,69,3
0,71,3
0,72,4
0,73,1
0,74,19
0,76,11
0,79,15
0,82,7
0,85,17
0,92,16
0,95,10
0,97,1
0,101,12
0,102,13
0,107,8
0,110,16
0,111,2
0,113,10
0,115,3
0,116,19
0,118,15
0,120,13
0,123,7
0,126,12
0,130,4
0,138,11
0,140,16
0,143,17
0,147,13
0,149,5
0,151,5
0,157,16
0,158,8
0,159,20
0,160,20
0,163,15
0,164,7
0,166,7
0,168,15
0,170,19
0,171,11
0,172,11
0,174,14
0,176,1
0,179,14
1,2,14
1,3,7
1,5,15
1,6,6
1,8,6
1,10,19
1,14,4
1,15,16
1,18,14
1,19,8
1,22,11
1,24,10
1,25,8
1,26,1
1,29,6
1,35,17
1,36,3
1,37,9
1,42,17
1,43,19
1,45,4
1,48,1
1,49,1
1,50,10
1,54,14
1,56,11
1,58,17
1,60,8
1,63,9
1,70,15
1,73,12
1,75,10
1,76,14
1,77,20
1,79,13
1,83,14
1,84,11
1,85,16
1,91,20
1,98,14
1,99,5
1,100,20
1,103,14
1,105,10
1,106,10
1,107,1
1,109,8
1,110,10
1,115,19
1,117,7
1,118,17
1,121,17
1,123,14
1,124,12
1,125,17
1,126,1
1,127,4
1,128,8
1,129,3
1,132,15
1,136,10
1,137,5
1,138,5
1,140,2
1,144,9
1,145,18
1,149,14
1,152,14
1,153,16
1,155,16
1,157,6
1,158,14
1,160,4
1,164,14
1,165,16
1,166,14
1,169,5
1,170,11
1,171,16
1,173,17
1,176,9
1,178,13
2,3,16
2,5,10
2,8,11
2,9,14
2,11,20
2,13,20
2,14,9
2,15,13
2,16,9
2,17,12
2,20,7
2,21,17
2,22,5
2,23,15
2,30,16
2,33,14
2,37,12
2,38,2
2,39,9
2,45,19
2,53,6
2,57,5
2,58,4
2,60,17
2,67,20
2,68,10
2,69,11
2,72,14
2,73,12
2,74,11
2,76,4
2,77,4
2,78,12
2,80,3
2,82,13
2,83,7
2,85,8
2,88,7
2,89,18
2,90,19
2,91,17
2,92,12
2,94,19
2,98,13
2,99,15
2,104,18
2,105,10
2,106,17
2,113,2
2,114,5
2,116,11
2,117,4
2,120,10
2,122,2
2,123,5
2,127,3
2,129,17
2,133,2
2,134,8
2,137,14
2,143,7
2,144,12
2,145,17
2,147,4
2,149,1
2,153,17
2,155,7
2,158,11
2,161,3
2,164,10
2,165,8
2,169,18
2,170,1
2,172,8
2,174,16
2,177,13
3,4,11
3,8,3
3,9,13
3,16,15
3,20,15
3,21,13
3,23,19
3,28,15
3,31,3
3,35,6
3,36,1
3,37,10
3,38,3
3,39,3
3,40,15
3,42,5
3,44,17
3,47,4
3,50,17
3,55,4
3,56,6
3,62,10
3,63,10
3,65,3
3,67,10
3,70,16
3,71,8
3,76,8
3,78,3
3,79,11
3,82,6
3,83,1
3,84,14
3,86,10
3,88,2
3,90,12
3,104,20
3,110,17
3,112,7
3,113,3
3,115,2
3,117,7
3,118,3
3,120,3
3,122,5
3,127,17
3,129,6
3,132,13
3,133,8
3,135,10
3,136,19
3,137,5
3,142,18
3,145,1
3,146,16
3,148,19
3,152,13
3,158,16
3,165,4
3,168,10
3,170,13
3,173,2
3,174,9
3,175,2
3,176,15
3,177,13
4,5,18
4,6,7
4,10,10
4,14,19
4,19,8
4,20,12
4,23,19
4,25,15
4,27,6
4,29,16
4,31,20
4,32,7
4,34,8
4,36,2
4,39,6
4,40,7
4,41,6
4,42,4
4,47,3
4,48,1
4,49,4
4,51,3
4,53,15
4,55,13
4,56,7
4,59,7
4,64,14
4,69,15
4,72,12
4,79,13
4,80,1
4,81,2
4,83,12
4,84,2
4,86,7
4,88,4
4,89,4
4,93,18
4,95,6
4,97,11
4,99,3
4,101,19
4,102,12
4,103,16
4,109,20
4,110,10
4,111,8
4,112,1
4,113,11
4,114,16
4,124,3
4,125,13
4,131,16
4,132,17
4,134,5
4,135,6
4,137,1
4,141,4
4,142,3
4,143,19
4,144,1
4,148,8
4,150,6
4,151,10
4,155,1
4,157,5
4,164,8
4,166,19
4,167,16
4,169,19
4,171,14
4,174,11
5,7,20
5,17,20
5,22,6
5,26,9
5,27,14
5,30,9
5,31,15
5,32,1
5,33,9
5,35,3
5,40,4
5,42,14
5,45,9
5,51,16
5,55,3
5,58,7
5,59,6
5,68,13
5,71,16
5,73,11
5,74,11
5,75,10
5,77,3
5,85,13
5,87,12
5,95,5
5,99,18
5,101,16
5,107,16
5,108,9
5,110,7
5,111,3
5,114,14
5,115,11
5,116,3
5,120,6
5,122,19
5,126,7
5,129,14
5,133,2
5,135,8
5,136,8
5,137,20
5,140,13
5,141,6
5,144,20
5,145,15
5,157,8
5,159,15
5,166,13
5,170,18
5,175,5
5,179,19
6,8,16
6,12,17
6,13,19
6,17,17
6,18,1
6,20,20
6,21,16
6,25,5
6,28,17
6,29,1
6,30,4
6,31,15
6,33,5
6,35,18
6,37,18
6,40,5
6,41,19
6,44,13
6,45,7
6,46,4
6,48,9
6,51,7
6,52,2
6,54,5
6,57,5
6,59,2
6,61,15
6,62,16
6,63,14
6,71,13
6,73,7
6,74,4
6,75,19
6,76,10
6,78,15
6,79,6
6,80,20
6,83,2
6,84,13
6,85,18
6,86,1
6,89,14
6,90,10
6,96,18
6,98,2
6,100,1
6,101,15
6,102,1
6,103,10
6,110,2
6,112,13
6,114,4
6,116,7
6,117,12
6,121,4
6,124,3
6,125,7
6,126,16
6,127,2
6,132,13
6,135,1
6,140,11
6,141,12
6,145,18
6,146,16
6,147,1
6,148,4
6,149,4
6,150,3
6,152,19
6,154,2
6,155,3
6,160,1
6,161,2
6,162,6
6,163,7
6,170,5
6,173,5
6,175,14
6,177,5
6,178,14
7,9,4
7,12,17
7,13,8
7,15,2
7,16,15
7,18,14
7,19,3
7,21,12
7,24,12
7,26,13
7,29,8
7,31,11
7,32,20
7,35,5
7,36,8
7,40,3
7,42,1
7,44,6
7,45,9
7,47,3
7,49,6
7,50,15
7,55,15
7,56,11
7,58,7
7,61,17
7,63,9
7,66,15
7,67,7
7,69,1
7,71,13
7,74,17
7,76,15
7,78,10
7,80,18
7,81,16
7,84,5
7,87,13
7,91,18
7,96,3
7,97,8
7,101,9
7,102,12
7,103,10
7,106,12
7,107,18
7,109,20
7,110,9
7,112,3
7,116,12
7,117,16
7,122,4
7,123,14
7,127,9
7,128,9
7,131,13
7,137,1
7,138,5
7,141,4
7,142,4
7,146,8
7,147,15
7,148,16
7,149,14
7,150,15
7,155,10
7,156,12
7,159,11
7,165,7
7,169,11
7,170,19
7,172,3
7,177,4
7,178,12
7,179,16
8,13,4
8,14,13
8,19,16
8,20,20
8,23,16
8,26,3
8,27,12
8,28,5
8,29,13
8,31,17
8,36,16
8,37,19
8,38,16
8,40,18
8,42,18
8,43,5
8,46,14
8,49,16
8,51,17
8,55,4
8,60,7
8,63,18
8,69,15
8,72,8
8,75,5
8,77,4
8,78,15
8,81,17
8,84,12
8,86,13
8,87,1
8,91,13
8,92,19
8,94,15
8,95,12
8,96,17
8,98,11
8,105,12
8,106,6
8,108,4
8,109,13
8,111,11
8,112,3
8,113,19
8,116,15
8,117,1
8,120,16
8,121,10
8,122,16
8,123,16
8,125,2
8,126,16
8,127,3
8,130,10
8,133,6
8,138,12
8,143,4
8,146,3
8,147,12
8,153,13
8,156,7
8,157,13
8,161,13
8,164,17
8,165,18
8,167,13
8,171,5
8,173,14
8,176,19
9,12,2
9,14,5
9,15,2
9,18,1
9,20,1
9,23,2
9,26,10
9,33,1
9,35,1
9,37,8
9,45,12
9,47,6
9,50,18
9,55,1
9,57,14
9,61,20
9,62,8
9,63,6
9,64,20
9,70,10
9,71,15
9,75,3
9,77,17
9,80,6
9,81,18
9,83,3
9,85,1
9,86,1
9,87,10
9,88,4
9,90,7
9,92,17
9,99,9
9,106,18
9,109,18
9,118,6
9,119,18
9,122,4
9,124,2
9,128,6
9,133,15
9,139,12
9,140,3
9,141,5
9,149,18
9,151,4
9,155,20
9,158,12
9,159,17
9,160,18
9,161,10
9,162,20
9,163,15
9,164,7
9,175,17
9,177,3
9,179,1
10,11,8
10,12,14
10,14,5
10,15,12
10,16,2
10,19,10
10,21,13
10,23,16
10,27,3
10,32,5
10,37,12
10,39,15
10,41,20
10,46,19
10,47,19
10,48,8
10,49,9
10,50,10
10,52,5
10,59,1
10,61,18
10,66,5
10,69,20
10,73,15
10,75,14
10,80,10
10,83,16
10,84,6
10,87,11
10,89,3
10,91,4
10,94,15
10,97,17
10,100,15
10,102,11
10,105,5
10,106,5
10,118,3
10,119,5
10,120,7
10,121,2
10,123,20
10,124,13
10,125,16
10,127,5
10,128,19
10,129,4
10,133,2
10,135,18
10,137,4
10,138,18
10,139,12
10,142,8
10,143,1
10,144,9
10,145,18
10,151,11
10,159,16
10,160,7
10,162,19
10,164,19
10,166,3
10,168,15
10,169,17
10,171,1
10,172,14
10,174,7
10,178,8
10,179,12
11,12,14
11,14,9
11,17,15
11,21,4
11,22,5
11,23,15
11,25,8
11,26,4
11,31,3
11,34,11
11,35,19
11,38,3
11,41,10
11,42,6
11,48,14
11,50,18
11,53,20
11,54,20
11,55,3
11,58,6
11,59,3
11,61,12
11,62,3
11,64,3
11,65,7
11,68,7
11,70,2
11,72,9
11,74,9
11,76,4
11,81,7
11,82,17
11,83,13
11,84,1
11,85,15
11,86,11
11,90,20
11,92,7
11,93,17
11,95,10
11,96,19
11,98,1
11,101,1
11,104,14
11,105,3
11,107,11
11,110,13
11,111,6
11,115,7
11,116,4
11,119,7
11,120,13
11,121,5
11,122,18
11,126,15
11,127,7
11,128,4
11,131,10
11,134,9
11,136,9
11,139,13
11,142,10
11,146,19
11,147,9
11,149,7
11,150,10
11,151,20
11,152,4
11,156,12
11,158,4
11,159,6
11,161,16
11,166,20
11,170,14
11,171,20
11,172,3
11,173,6
11,174,10
11,178,16
12,13,3
12,16,16
12,18,17
12,23,3
12,25,6
12,26,8
12,27,10
12,28,7
12,29,15
12,35,7
12,36,19
12,39,12
12,41,14
12,45,15
12,47,11
12,52,14
12,53,19
12,56,8
12,58,12
12,59,14
12,60,1
12,62,18
12,63,14
12,65,8
12,66,18
12,68,5
12,70,9
12,74,17
12,80,17
12,85,6
12,89,7
12,90,17
12,98,9
12,101,12
12,102,7
12,104,4
12,105,12
12,106,13
12,108,18
12,112,18
12,113,12
12,117,3
12,119,3
12,120,16
12,126,14
12,127,11
12,131,3
12,132,10
12,133,16
12,134,18
12,136,15
12,138,16
12,139,2
12,141,18
12,144,5
12,145,2
12,148,17
12,149,19
12,152,20
12,160,3
12,163,9
12,165,17
12,166,16
12,169,7
12,172,7
12,173,4
12,174,2
13,17,4
13,23,5
13,27,2
13,37,7
13,39,7
13,41,16
13,42,16
13,43,19
13,47,5
13,52,17
13,53,7
13,54,5
13,56,10
13,61,2
13,62,12
13,63,3
13,64,3
13,65,3
13,66,10
13,67,1
13,70,16
13,74,13
13,76,9
13,78,16
13,83,10
13,86,13
13,88,10
13,89,2
13,90,14
13,94,7
13,96,19
13,97,18
13,99,13
13,100,8
13,101,12
13,102,14
13,103,4
13,107,16
13,108,7
13,110,15
13,114,13
13,118,13
13,119,18
13,124,9
13,125,9
13,126,4
13,128,19
13,135,15
13,137,19
13,141,7
13,142,7
13,145,4
13,146,17
13,148,11
13,154,14
13,156,10
13,157,9
13,159,20
13,160,12
13,161,17
13,163,3
13,164,7
13,165,20
13,166,2
13,167,1
13,168,18
13,169,15
13,173,20
13,178,1
13,179,14
14,15,11
14,18,7
14,19,16
14,22,13
14,23,1
14,26,15
14,27,10
14,28,6
14,29,1
14,30,17
14,31,18
14,33,14
14,35,12
14,40,5
14,41,2
14,44,16
14,46,19
14,54,14
14,58,5
14,60,7
14,65,2
14,70,15
14,72,15
14,73,3
14,75,15
14,79,7
14,80,4
14,81,18
14,83,4
14,84,4
14,85,17
14,87,12
14,89,9
14,91,16
14,94,13
14,95,5
14,96,8
14,99,4
14,102,18
14,104,13
14,109,10
14,111,16
14,114,6
14,115,7
14,118,17
14,121,18
14,123,15
14,131,12
14,132,11
14,133,19
14,139,16
14,140,15
14,143,4
14,145,7
14,147,17
14,149,1
14,150,19
14,151,13
14,152,12
14,153,19
14,155,8
14,158,13
14,160,19
14,166,15
14,168,4
14,172,3
14,175,13
14,177,13
14,178,14
15,16,18
15,18,9
15,22,5
15,23,6
15,24,10
15,26,19
15,29,18
15,30,12
15,31,3
15,34,3
15,37,10
15,38,5
15,39,6
15,41,6
15,44,5
15,60,16
15,61,12
15,62,2
15,63,15
15,64,4
15,66,19
15,67,12
15,68,11
15,69,7
15,71,18
15,73,3
15,75,9
15,76,7
15,85,19
15,86,11
15,89,3
15,91,19
15,93,9
15,95,14
15,96,15
15,98,8
15,100,19
15,105,8
15,108,9
15,113,9
15,114,12
15,120,12
15,127,15
15,133,3
15,135,14
15,136,3
15,138,4
15,140,1
15,143,13
15,149,19
15,154,11
15,163,4
15,164,1
15,165,17
15,173,14
15,175,4
15,179,15
16,19,12
16,20,5
16,21,14
16,22,10
16,24,1
16,31,16
16,33,15
16,37,7
16,45,20
16,46,2
16,47,10
16,50,17
16,56,20
16,58,5
16,62,18
16,63,5
16,65,2
16,66,20
16,67,11
16,68,13
16,69,5
16,74,11
16,76,12
16,78,4
16,79,7
16,80,13
16,81,10
16,82,19
16,85,13
16,91,17
16,96,14
16,97,2
16,102,15
16,105,20
16,110,9
16,116,20
16,118,5
16,121,17
16,122,20
16,123,19
16,125,12
16,126,11
16,127,6
16,128,3
16,132,12
16,138,18
16,146,8
16,148,10
16,153,10
16,157,3
16,161,7
16,162,6
16,163,8
16,166,20
16,169,13
16,170,19
16,171,9
16,173,18
16,179,3
17,19,3
17,20,16
17,21,15
17,22,13
17,24,8
17,25,8
17,29,2
17,30,20
17,33,16
17,36,2
17,37,5
17,40,3
17,41,7
17,43,11
17,48,1
17,50,6
17,52,15
17,60,3
17,63,4
17,64,7
17,65,11
17,66,17
17,67,9
17,68,16
17,70,7
17,71,15
17,73,18
17,74,3
17,76,10
17,78,11
17,82,14
17,83,13
17,85,5
17,86,20
17,88,11
17,91,16
17,94,11
17,95,5
17,97,15
17,99,18
17,101,18
17,104,20
17,105,6
17,109,5
17,112,19
17,115,18
17,118,2
17,119,2
17,121,14
17,123,17
17,124,7
17,129,15
17,133,15
17,136,15
17,137,19
17,138,18
17,139,5
17,141,13
17,142,16
17,143,13
17,145,7
17,146,8
17,149,11
17,152,10
17,159,9
17,161,17
17,162,16
17,164,1
17,170,6
17,171,4
17,174,5
17,177,20
17,178,1
18,20,8
18,21,19
18,25,7
18,28,3
18,31,19
18,32,9
18,35,16
18,39,13
18,42,16
18,43,16
18,44,1
18,49,12
18,50,4
18,51,8
18,56,14
18,59,18
18,61,4
18,63,8
18,64,17
18,65,4
18,71,7
18,76,6
18,78,11
18,80,18
18,81,17
18,90,7
18,94,2
18,95,3
18,96,6
18,100,14
18,102,13
18,103,19
18,107,10
18,108,20
18,109,5
18,112,14
18,118,14
18,123,17
18,126,19
18,127,10
18,128,19
18,131,19
18,134,18
18,141,3
18,142,15
18,143,9
18,146,18
18,147,4
18,149,20
18,155,18
18,158,17
18,160,12
18,161,12
18,162,8
18,165,16
18,168,20
18,169,6
18,171,11
18,174,6
18,175,2
18,176,18
19,23,15
19,26,20
19,30,17
19,35,3
19,37,12
19,39,13
19,41,16
19,42,7
19,43,14
19,49,6
19,50,12
19,51,17
19,56,16
19,58,11
19,60,11
19,63,9
19,66,12
19,67,5
19,72,3
19,78,20
19,79,1
19,81,5
19,83,3
19,84,19
19,85,9
19,86,2
19,87,12
19,91,20
19,93,3
19,94,16
19,95,15
19,96,11
19,99,14
19,100,3
19,101,1
19,106,7
19,107,3
19,108,13
19,110,13
19,112,13
19,114,6
19,130,11
19,131,14
19,132,8
19,138,3
19,140,15
19,146,9
19,150,5
19,151,18
19,152,19
19,153,18
19,154,19
19,159,16
19,166,16
19,168,20
19,169,4
19,170,7
19,171,10
19,176,2
19,177,4
20,23,9
20,29,1
20,35,18
20,36,10
20,37,4
20,57,8
20,63,12
20,65,5
20,66,5
20,69,3
20,70,11
20,74,15
20,78,18
20,84,17
20,85,5
20,89,16
20,90,17
20,94,2
20,95,8
20,96,5
20,97,6
20,98,17
20,99,6
20,100,5
20,105,1
20,106,7
20,111,13
20,112,4
20,115,13
20,119,8
20,123,14
20,134,18
20,139,4
20,141,17
20,143,9
20,145,5
20,147,14
20,150,7
20,151,3
20,157,16
20,158,4
20,159,8
20,161,7
20,168,1
20,169,6
20,171,7
20,174,13
20,177,9
20,179,16
21,23,2
21,28,20
21,29,11
21,30,14
21,32,11
21,33,9
21,40,12
21,42,18
21,50,15
21,52,9
21,53,2
21,54,14
21,55,3
21,56,1
21,57,7
21,63,6
21,64,7
21,65,1
21,66,6
21,67,18
21,70,7
21,74,12
21,75,3
21,76,13
21,82,18
21,91,11
21,92,15
21,93,13
21,101,3
21,102,13
21,106,7
21,107,8
21,119,4
21,125,17
21,128,6
21,131,6
21,133,10
21,135,19
21,140,15
21,148,4
21,149,11
21,153,7
21,156,9
21,158,5
21,160,9
21,161,13
21,163,13
21,165,3
21,167,16
21,168,18
21,169,17
21,172,4
21,173,12
21,178,20
22,24,16
22,27,17
22,28,9
22,31,8
22,32,17
22,33,14
22,38,15
22,43,16
22,44,17
22,47,15
22,50,10
22,52,15
22,54,20
22,61,17
22,62,6
22,64,17
22,66,8
22,67,13
22,68,1
22,70,12
22,74,4
22,75,5
22,76,3
22,78,15
22,80,15
22,82,10
22,84,20
22,85,5
22,86,5
22,89,19
22,91,5
22,92,6
22,94,13
22,95,12
22,96,17
22,97,20
22,98,3
22,102,15
22,104,4
22,105,6
22,106,9
22,107,11
22,109,8
22,110,7
22,115,19
22,119,2
22,120,12
22,122,20
22,125,17
22,128,10
22,130,5
22,131,13
22,133,12
22,137,1
22,139,1
22,140,2
22,143,20
22,145,10
22,147,8
22,148,12
22,149,8
22,151,6
22,153,4
22,159,20
22,161,20
22,162,20
22,170,14
22,174,17
22,176,19
22,178,4
22,179,18
23,24,17
23,26,11
23,27,12
23,28,12
23,31,13
23,32,3
23,40,19
23,41,4
23,44,3
23,45,11
23,46,6
23,47,2
23,48,18
23,49,8
23,50,4
23,53,1
23,55,2
23,58,16
23,60,20
23,61,1
23,63,17
23,64,18
23,68,15
23,69,16
23,71,2
23,79,18
23,80,14
23,81,17
23,83,7
23,85,4
23,86,17
23,87,2
23,90,4
23,93,2
23,95,20
23,99,13
23,104,12
23,105,5
23,106,15
23,109,12
23,113,9
23,114,18
23,115,1
23,118,2
23,119,17
23,123,8
23,124,2
23,128,13
23,130,16
23,133,15
23,134,16
23,135,12
23,136,6
23,137,11
23,138,10
23,142,20
23,144,8
23,149,14
23,150,16
23,151,13
23,153,14
23,155,7
23,156,13
23,158,17
23,162,2
23,164,2
23,166,15
23,167,12
23,168,20
23,171,13
23,173,3
23,177,16
24,26,17
24,27,14
24,36,19
24,37,6
24,40,5
24,41,2
24,43,18
24,47,18
24,48,1
24,52,11
24,55,1
24,56,12
24,57,7
24,63,13
24,64,5
24,65,9
24,70,13
24,73,14
24,75,6
24,76,5
24,85,1
24,91,9
24,97,11
24,104,14
24,106,15
24,108,7
24,109,10
24,110,1
24,111,2
24,112,17
24,113,11
24,114,19
24,116,5
24,117,1
24,118,13
24,124,18
24,126,14
24,131,16
24,133,1
24,134,5
24,136,15
24,137,8
24,142,4
24,144,4
24,145,6
24,147,6
24,148,15
24,152,14
24,153,16
24,154,14
24,157,9
24,159,13
24,162,12
24,175,18
24,177,10
25,28,3
25,30,6
25,35,2
25,37,17
25,46,13
25,47,20
25,49,17
25,52,13
25,60,15
25,61,20
25,62,16
25,69,19
25,71,1
25,73,15
25,78,2
25,79,5
25,80,8
25,81,2
25,86,1
25,87,8
25,88,8
25,96,1
25,98,11
25,99,9
25,101,11
25,102,11
25,105,19
25,106,7
25,107,20
25,113,1
25,114,17
25,115,4
25,118,16
25,121,14
25,124,8
25,125,17
25,128,8
25,129,10
25,136,1
25,137,12
25,138,6
25,139,15
25,140,11
25,141,1
25,142,13
25,143,15
25,144,20
25,145,10
25,146,2
25,152,18
25,157,14
25,161,9
25,163,3
25,166,16
25,167,6
25,168,13
25,169,20
25,170,13
25,171,6
25,172,19
25,174,5
26,27,17
26,29,14
26,31,5
26,33,6
26,34,8
26,35,9
26,36,7
26,38,14
26,40,4
26,41,18
26,43,11
26,44,16
26,46,7
26,47,7
26,48,10
26,49,2
26,53,2
26,54,11
26,56,14
26,59,12
26,65,19
26,68,12
26,70,13
26,73,16
26,75,2
26,79,1
26,82,13
26,86,17
26,87,6
26,92,4
26,95,15
26,97,20
26,98,20
26,100,10
26,101,10
26,103,13
26,104,6
26,112,4
26,118,13
26,119,3
26,121,1
26,122,16
26,126,1
26,127,20
26,131,1
26,134,20
26,135,13
26,138,14
26,139,14
26,140,5
26,141,15
26,142,14
26,143,6
26,147,7
26,151,20
26,152,15
26,154,8
26,158,1
26,160,10
26,161,10
26,162,7
26,164,15
26,166,1
26,170,13
26,172,7
26,173,5
26,175,20
26,176,14
26,178,15
27,31,1
27,34,20
27,36,3
27,39,5
27,40,19
27,41,19
27,43,1
27,46,6
27,50,15
27,51,19
27,52,5
27,55,1
27,57,2
27,58,11
27,59,3
27,60,5
27,67,6
27,73,12
27,78,4
27,81,18
27,82,1
27,88,15
27,89,13
27,92,16
27,93,6
27,94,10
27,99,17
27,105,18
27,107,12
27,111,20
27,114,12
27,115,18
27,117,12
27,119,4
27,121,3
27,123,4
27,124,6
27,125,4
27,129,11
27,130,14
27,133,16
27,135,16
27,136,8
27,141,7
27,145,15
27,152,11
27,155,4
27,158,15
27,161,18
27,164,14
27,165,1
27,169,20
27,171,10
27,175,10
27,177,13
27,178,9
28,29,3
28,30,8
28,31,13
28,35,9
28,37,8
28,38,11
28,43,2
28,47,2
28,49,11
28,51,13
28,52,16
28,53,3
28,54,1
28,55,5
28,60,6
28,61,16
28,65,8
28,66,6
28,67,15
28,68,13
28,71,6
28,78,4
28,79,16
28,80,7
28,81,13
28,86,13
28,89,6
28,92,1
28,93,18
28,94,5
28,96,19
28,102,6
28,105,14
28,109,11
28,111,1
28,114,4
28,117,9
28,119,13
28,120,10
28,121,6
28,122,10
28,124,16
28,128,3
28,129,17
28,130,8
28,131,16
28,134,7
28,138,13
28,139,15
28,146,9
28,148,17
28,150,13
28,152,11
28,153,5
28,154,4
28,156,7
28,158,3
28,164,6
28,165,5
28,168,11
28,171,17
28,174,3
28,175,8
29,30,2
29,32,19
29,33,13
29,36,8
29,37,20
29,38,11
29,39,18
29,41,20
29,42,1
29,46,1
29,47,19
29,52,2
29,54,2
29,58,6
29,59,1
29,61,14
29,66,19
29,67,7
29,68,7
29,69,11
29,70,18
29,71,14
29,74,2
29,77,13
29,81,9
29,86,11
29,89,7
29,91,12
29,92,12
29,93,19
29,94,6
29,95,17
29,99,17
29,101,12
29,103,18
29,104,20
29,105,17
29,106,14
29,107,13
29,110,1
29,113,1
29,117,6
29,119,15
29,120,10
29,123,15
29,126,7
29,127,18
29,130,5
29,133,4
29,134,17
29,136,9
29,140,10
29,143,6
29,145,11
29,148,20
29,149,7
29,150,14
29,153,12
29,157,7
29,159,2
29,162,6
29,163,19
29,165,1
29,168,7
29,170,10
29,172,18
29,179,15
30,33,20
30,37,12
30,38,20
30,39,6
30,41,7
30,42,18
30,44,20
30,52,18
30,58,15
30,60,13
30,63,1
30,65,11
30,66,18
30,70,5
30,72,10
30,75,10
30,78,5
30,79,3
30,80,10
30,81,6
30,87,20
30,88,14
30,89,11
30,90,7
30,91,5
30,94,20
30,96,13
30,97,1
30,98,5
30,99,5
30,101,10
30,102,9
30,103,17
30,107,15
30,113,4
30,118,6
30,121,2
30,125,20
30,128,9
30,132,13
30,133,4
30,137,7
30,138,6
30,143,7
30,145,9
30,146,6
30,148,9
30,149,3
30,150,6
30,152,6
30,156,3
30,158,15
30,161,6
30,166,15
30,167,9
30,174,13
30,178,13
31,36,7
31,40,7
31,42,10
31,43,11
31,47,14
31,48,9
31,50,11
31,51,19
31,53,3
31,54,17
31,58,18
31,60,1
31,64,2
31,74,13
31,78,8
31,79,9
31,80,15
31,84,2
31,90,6
31,95,9
31,97,12
31,100,1
31,103,20
31,105,17
31,108,6
31,109,14
31,112,6
31,119,6
31,121,3
31,123,4
31,125,8
31,128,3
31,129,4
31,130,20
31,133,13
31,134,16
31,136,16
31,139,15
31,140,8
31,141,17
31,144,9
31,146,3
31,148,13
31,149,4
31,152,8
31,153,2
31,155,18
31,156,7
31,158,17
31,159,9
31,163,12
31,165,1
31,166,12
31,169,1
31,170,17
31,171,3
31,175,17
31,176,19
32,33,18
32,36,12
32,37,16
32,40,14
32,43,7
32,44,16
32,46,1
32,47,14
32,52,19
32,53,19
32,54,9
32,56,8
32,58,6
32,63,7
32,64,5
32,70,8
32,71,7
32,74,11
32,78,8
32,79,17
32,82,14
32,83,14
32,88,8
32,90,18
32,92,1
32,93,12
32,95,8
32,96,12
32,99,15
32,101,11
32,102,20
32,103,6
32,107,4
32,108,2
32,111,20
32,113,6
32,115,11
32,116,10
32,117,11
32,119,11
32,120,5
32,125,19
32,126,16
32,128,8
32,139,8
32,140,16
32,141,1
32,142,1
32,143,15
32,145,15
32,146,11
32,148,3
32,149,5
32,151,15
32,153,3
32,154,10
32,155,10
32,157,19
32,160,18
32,161,8
32,162,16
32,163,5
32,166,10
32,170,16
32,173,20
32,179,10
33,41,15
33,42,3
33,48,9
33,50,9
33,51,8
33,52,6
33,53,14
33,60,8
33,61,6
33,62,19
33,63,18
33,71,8
33,73,4
33,74,11
33,75,19
33,77,19
33,78,2
33,80,3
33,81,7
33,84,9
33,85,7
33,86,9
33,87,14
33,92,6
33,96,2
33,98,12
33,102,12
33,105,17
33,106,4
33,109,15
33,113,18
33,114,10
33,116,14
33,119,9
33,120,19
33,124,9
33,126,12
33,128,11
33,132,5
33,133,9
33,136,3
33,137,18
33,140,6
33,141,15
33,145,19
33,146,18
33,149,17
33,150,10
33,154,17
33,155,11
33,157,12
33,159,9
33,160,5
33,163,16
33,166,9
33,167,3
33,168,2
33,173,5
33,175,18
33,176,20
33,177,6
33,178,11
33,179,3
34,39,2
34,41,19
34,43,10
34,51,9
34,54,5
34,57,14
34,62,12
34,64,5
34,65,20
34,67,9
34,69,18
34,70,1
34,73,3
34,75,9
34,78,3
34,81,3
34,83,4
34,86,20
34,88,6
34,89,18
34,91,5
34,93,12
34,94,9
34,96,17
34,97,9
34,100,12
34,105,4
34,113,18
34,115,8
34,119,14
34,120,13
34,121,17
34,123,7
34,124,8
34,125,15
34,131,5
34,138,9
34,139,13
34,140,2
34,142,3
34,149,14
34,158,4
34,159,12
34,160,11
34,161,4
34,162,5
34,163,18
34,165,15
34,171,8
34,173,17
34,174,7
34,175,17
34,176,20
34,178,8
34,179,14
35,37,6
35,41,14
35,49,11
35,54,3
35,56,11
35,59,5
35,63,2
35,64,2
35,65,7
35,68,14
35,72,1
35,74,9
35,78,1
35,80,15
35,81,14
35,82,8
35,84,13
35,86,3
35,88,19
35,90,9
35,97,1
35,98,8
35,100,1
35,101,15
35,107,3
35,109,14
35,111,14
35,112,12
35,114,7
35,116,9
35,117,4
35,131,4
35,132,6
35,133,19
35,134,13
35,140,1
35,144,18
35,145,20
35,146,14
35,147,17
35,148,18
35,151,20
35,154,4
35,164,19
35,165,19
35,166,15
35,167,11
35,168,14
35,171,19
35,172,3
35,174,14
35,175,10
36,37,15
36,38,19
36,39,6
36,40,4
36,44,15
36,45,10
36,49,17
36,50,5
36,55,15
36,59,18
36,63,5
36,65,14
36,66,9
36,68,20
36,70,15
36,72,3
36,73,17
36,78,10
36,79,20
36,83,7
36,84,18
36,85,18
36,88,12
36,90,4
36,95,3
36,96,14
36,98,8
36,100,16
36,102,20
36,106,18
36,111,14
36,114,8
36,116,18
36,120,13
36,122,5
36,125,4
36,129,18
36,131,17
36,132,2
36,134,16
36,137,2
36,140,5
36,141,8
36,146,4
36,148,18
36,156,13
36,157,4
36,164,7
36,165,2
36,167,16
36,170,14
36,172,10
36,178,1
37,40,1
37,43,9
37,46,6
37,48,9
37,49,11
37,53,13
37,57,7
37,59,9
37,60,17
37,62,18
37,63,8
37,64,19
37,66,8
37,67,8
37,68,18
37,70,6
37,72,18
37,73,6
37,75,20
37,77,15
37,79,18
37,80,19
37,81,16
37,85,6
37,86,5
37,88,15
37,89,19
37,90,20
37,96,12
37,98,4
37,99,16
37,104,16
37,108,14
37,109,10
37,112,19
37,114,19
37,119,1
37,123,19
37,126,5
37,132,15
37,134,12
37,137,4
37,138,9
37,140,9
37,144,7
37,145,7
37,149,16
37,150,13
37,153,7
37,155,11
37,157,11
37,163,11
37,164,10
37,168,19
37,170,18
37,171,19
37,172,6
37,173,3
37,174,14
37,176,6
37,177,4
38,39,16
38,40,20
38,42,18
38,46,2
38,49,13
38,50,18
38,51,10
38,53,19
38,54,19
38,56,11
38,58,18
38,63,10
38,67,9
38,69,20
38,70,8
38,71,14
38,72,11
38,74,3
38,77,20
38,80,11
38,81,12
38,85,8
38,87,14
38,90,4
38,92,17
38,93,11
38,98,4
38,100,19
38,103,11
38,107,13
38,109,17
38,112,7
38,115,6
38,116,16
38,119,16
38,122,6
38,123,13
38,128,15
38,131,18
38,133,6
38,138,10
38,139,6
38,140,4
38,142,12
38,143,1
38,146,15
38,148,10
38,152,18
38,154,7
38,157,6
38,159,11
38,160,18
38,164,17
38,165,1
38,169,18
38,170,8
38,171,9
38,172,3
38,177,10
38,178,19
39,40,11
39,42,19
39,45,7
39,46,10
39,49,15
39,55,3
39,60,16
39,63,6
39,64,5
39,65,16
39,66,12
39,67,12
39,73,7
39,74,6
39,76,9
39,77,11
39,81,19
39,88,6
39,89,20
39,93,19
39,94,3
39,97,16
39,102,6
39,106,20
39,109,16
39,110,7
39,113,8
39,117,14
39,118,4
39,119,4
39,120,19
39,121,7
39,122,5
39,126,5
39,128,6
39,129,5
39,134,10
39,137,9
39,139,11
39,140,18
39,143,5
39,145,14
39,146,16
39,147,20
39,154,14
39,157,10
39,159,11
39,160,1
39,164,12
39,166,6
39,168,4
39,170,15
39,172,10
39,173,5
39,174,13
39,177,16
39,178,1
39,179,16
40,41,7
40,43,6
40,44,12
40,45,1
40,49,6
40,50,18
40,51,18
40,52,3
40,54,20
40,55,16
40,57,18
40,58,18
40,60,11
40,61,12
40,63,7
40,64,14
40,65,13
40,67,8
40,68,5
40,69,14
40,71,5
40,76,15
40,77,7
40,82,12
40,83,15
40,84,14
40,86,14
40,88,6
40,89,15
40,90,5
40,95,14
40,97,5
40,100,9
40,101,9
40,102,10
40,106,17
40,107,7
40,108,14
40,109,15
40,110,8
40,116,10
40,118,4
40,120,15
40,121,10
40,122,3
40,123,2
40,124,1
40,129,19
40,131,18
40,132,2
40,133,19
40,136,9
40,140,10
40,148,6
40,150,1
40,151,9
40,152,5
40,153,16
40,156,12
40,157,18
40,161,20
40,165,7
40,168,2
40,169,10
40,176,16
40,178,10
41,42,13
41,44,1
41,46,13
41,47,11
41,48,17
41,51,14
41,52,10
41,55,1
41,58,10
41,66,6
41,67,7
41,68,9
41,71,2
41,72,11
41,73,20
41,77,15
41,78,16
41,79,19
41,80,1
41,82,3
41,83,9
41,84,11
41,87,5
41,88,2
41,90,15
41,94,15
41,95,11
41,96,13
41,97,5
41,98,14
41,101,3
41,102,13
41,103,4
41,104,5
41,105,9
41,106,14
41,115,19
41,116,15
41,118,2
41,119,8
41,120,11
41,124,18
41,126,13
41,127,19
41,129,16
41,130,19
41,135,15
41,137,6
41,141,13
41,143,2
41,147,19
41,148,4
41,149,3
41,151,17
41,154,2
41,156,1
41,158,20
41,159,19
41,167,2
41,168,20
41,170,6
41,172,15
41,173,18
41,174,1
41,176,16
41,177,13
41,178,14
41,179,14
42,45,7
42,48,1
42,51,16
42,52,7
42,55,14
42,61,6
42,63,8
42,64,9
42,65,14
42,67,2
42,71,9
42,72,10
42,73,12
42,77,15
42,78,12
42,81,1
42,84,20
42,85,20
42,86,7
42,87,15
42,88,5
42,89,20
42,92,3
42,96,14
42,102,13
42,104,14
42,105,17
42,107,17
42,112,19
42,113,18
42,114,19
42,115,18
42,121,7
42,122,18
42,125,10
42,126,8
42,127,2
42,130,9
42,134,10
42,135,4
42,136,15
42,138,17
42,139,17
42,145,4
42,147,7
42,148,8
42,151,9
42,158,8
42,160,16
42,167,14
42,168,18
42,169,3
42,170,5
42,176,6
42,177,10
42,179,10
43,44,15
43,46,14
43,47,7
43,49,7
43,52,10
43,53,4
43,55,1
43,56,9
43,57,11
43,61,1
43,63,17
43,65,3
43,69,20
43,70,3
43,71,15
43,73,14
43,74,7
43,76,18
43,77,5
43,82,17
43,83,17
43,84,7
43,85,12
43,88,6
43,97,10
43,100,3
43,102,20
43,103,6
43,104,17
43,109,19
43,110,7
43,111,7
43,114,16
43,119,10
43,121,11
43,122,8
43,125,18
43,126,18
43,127,16
43,129,11
43,130,16
43,132,15
43,136,13
43,137,14
43,139,15
43,140,20
43,142,11
43,146,15
43,148,6
43,150,19
43,151,2
43,156,7
43,160,4
43,162,12
43,163,16
43,166,18
43,170,11
43,171,13
43,172,17
43,174,7
43,175,3
43,178,12
44,45,11
44,48,6
44,54,6
44,55,18
44,56,3
44,59,2
44,61,2
44,67,15
44,69,14
44,70,8
44,71,13
44,75,15
44,76,7
44,77,7
44,79,15
44,80,18
44,81,20
44,82,20
44,87,13
44,88,7
44,90,12
44,91,12
44,93,14
44,97,9
44,98,9
44,111,6
44,114,14
44,115,3
44,116,3
44,117,10
44,121,8
44,124,10
44,125,1
44,126,18
44,128,14
44,132,12
44,133,8
44,135,19
44,136,1
44,143,18
44,146,8
44,148,2
44,150,3
44,151,5
44,153,9
44,154,10
44,156,10
44,157,10
44,160,4
44,163,5
44,165,5
44,166,14
44,169,2
44,171,10
44,173,9
44,175,3
44,176,10
44,178,11
45,46,4
45,47,3
45,50,7
45,52,5
45,53,8
45,55,3
45,56,14
45,58,9
45,69,10
45,75,3
45,78,19
45,80,10
45,83,1
45,84,13
45,85,11
45,87,20
45,89,1
45,90,6
45,91,16
45,93,16
45,96,2
45,99,1
45,101,20
45,105,6
45,108,15
45,112,13
45,116,6
45,117,14
45,118,12
45,119,15
45,122,15
45,123,5
45,124,17
45,126,18
45,127,10
45,128,17
45,130,19
45,131,4
45,132,15
45,135,3
45,141,7
45,145,11
45,146,15
45,149,6
45,151,12
45,155,19
45,157,7
45,159,20
45,162,3
45,163,14
45,164,3
45,167,8
45,171,8
45,173,17
45,174,13
45,176,16
45,177,14
46,48,20
46,50,14
46,53,16
46,54,9
46,57,6
46,61,8
46,63,11
46,67,9
46,71,3
46,73,15
46,74,5
46,82,5
46,83,6
46,84,19
46,87,13
46,88,12
46,92,5
46,93,2
46,95,9
46,97,9
46,98,15
46,100,12
46,101,20
46,102,7
46,107,17
46,110,2
46,111,14
46,116,7
46,118,1
46,121,14
46,123,14
46,124,1
46,125,18
46,127,14
46,130,7
46,131,7
46,133,19
46,143,6
46,145,4
46,147,9
46,148,15
46,149,17
46,153,6
46,155,1
46,158,11
46,165,9
46,169,11
46,172,14
46,173,18
46,174,13
46,176,1
46,177,2
47,48,19
47,49,15
47,53,19
47,62,20
47,70,17
47,73,9
47,75,10
47,76,14
47,84,17
47,85,4
47,87,1
47,88,5
47,90,18
47,93,5
47,97,9
47,101,7
47,102,8
47,107,5
47,110,18
47,114,9
47,115,1
47,116,3
47,119,13
47,120,7
47,122,14
47,123,5
47,127,16
47,132,19
47,135,3
47,138,10
47,140,18
47,145,20
47,148,10
47,151,4
47,153,17
47,154,17
47,155,12
47,156,8
47,158,5
47,160,20
47,161,13
47,165,19
47,166,15
47,167,8
47,171,7
47,174,13
47,179,2
48,50,6
48,53,7
48,54,2
48,56,18
48,58,9
48,60,3
48,61,15
48,65,13
48,69,18
48,76,20
48,77,5
48,78,8
48,80,9
48,81,9
48,88,3
48,95,11
48,96,5
48,100,19
48,101,18
48,103,20
48,104,8
48,107,13
48,109,8
48,110,5
48,111,19
48,113,10
48,114,7
48,120,1
48,121,19
48,122,20
48,123,8
48,124,4
48,129,16
48,131,6
48,133,9
48,137,13
48,148,1
48,154,9
48,155,3
48,157,12
48,159,9
48,166,9
48,169,1
48,173,16
48,178,6
49,53,13
49,54,7
49,59,7
49,62,12
49,63,5
49,67,3
49,68,4
49,74,10
49,79,4
49,84,3
49,89,9
49,91,20
49,92,4
49,93,10
49,95,7
49,96,12
49,98,6
49,99,12
49,102,5
49,104,1
49,107,10
49,108,19
49,109,9
49,114,17
49,121,7
49,123,3
49,127,17
49,128,7
49,129,12
49,138,10
49,143,17
49,144,10
49,145,6
49,146,3
49,152,8
49,154,17
49,157,7
49,159,7
49,163,3
49,164,18
49,167,15
49,168,14
49,170,2
49,171,4
49,176,6
49,177,9
49,179,2
50,52,9
50,53,13
50,54,9
50,57,7
50,58,18
50,61,7
50,62,17
50,65,7
50,67,19
50,68,1
50,69,8
50,70,3
50,71,12
50,73,11
50,75,13
50,76,5
50,78,14
50,80,1
50,81,15
50,84,1
50,85,16
50,87,17
50,95,14
50,99,1
50,102,3
50,103,6
50,104,9
50,109,5
50,110,18
50,111,9
50,112,12
50,113,1
50,118,9
50,119,19
50,127,19
50,129,7
50,130,11
50,132,11
50,133,15
50,136,20
50,144,6
50,148,9
50,149,1
50,150,11
50,151,5
50,157,3
50,163,1
50,165,20
50,166,10
50,167,1
50,168,8
50,169,16
50,171,19
50,172,10
50,178,8
50,179,15
51,52,19
51,55,8
51,57,3
51,60,7
51,62,12
51,64,19
51,69,6
51,71,14
51,72,9
51,77,17
51,82,8
51,84,15
51,85,8
51,86,15
51,88,3
51,90,12
51,92,12
51,93,8
51,98,5
51,100,16
51,108,15
51,109,11
51,112,19
51,114,19
51,116,3
51,120,9
51,121,7
51,125,10
51,127,13
51,133,9
51,134,18
51,139,1
51,145,15
51,148,2
51,149,14
51,150,13
51,152,15
51,158,12
51,160,19
51,161,12
51,163,14
51,166,18
51,169,13
51,171,15
51,176,13
52,53,18
52,54,7
52,55,3
52,57,4
52,58,14
52,59,1
52,62,8
52,63,10
52,65,17
52,66,8
52,67,17
52,68,16
52,70,1
52,72,3
52,73,10
52,74,1
52,80,3
52,85,4
52,88,9
52,89,12
52,93,7
52,97,17
52,100,14
52,102,12
52,103,8
52,108,13
52,112,15
52,115,10
52,118,8
52,119,8
52,122,6
52,127,8
52,131,20
52,132,15
52,133,13
52,137,13
52,139,20
52,141,4
52,145,7
52,147,20
52,151,20
52,155,1
52,157,20
52,162,18
52,165,18
52,168,16
52,169,3
52,170,3
52,172,12
52,173,11
52,174,8
52,177,17
53,54,2
53,55,17
53,56,6
53,58,7
53,61,10
53,62,3
53,66,9
53,67,8
53,71,7
53,75,10
53,78,18
53,79,1
53,80,16
53,81,12
53,82,9
53,84,11
53,85,6
53,86,7
53,90,4
53,91,9
53,92,14
53,93,12
53,105,16
53,108,19
53,111,9
53,114,2
53,115,12
53,117,11
53,119,17
53,120,20
53,121,6
53,125,4
53,127,19
53,132,10
53,133,2
53,135,9
53,136,5
53,144,5
53,146,7
53,149,10
53,151,14
53,155,1
53,156,10
53,157,17
53,162,18
53,163,7
53,165,5
53,167,14
53,168,12
53,169,7
53,170,19
53,171,20
53,174,3
53,176,16
53,178,4
53,179,4
54,56,11
54,67,5
54,68,15
54,70,4
54,72,1
54,76,3
54,78,9
54,79,9
54,90,7
54,92,17
54,95,16
54,97,11
54,98,20
54,99,16
54,101,10
54,105,20
54,106,7
54,107,15
54,108,17
54,110,9
54,111,18
54,112,13
54,113,17
54,116,8
54,118,17
54,121,7
54,122,18
54,123,3
54,128,13
54,132,19
54,134,1
54,136,14
54,137,2
54,141,1
54,149,19
54,150,5
54,158,3
54,159,8
54,162,2
54,170,19
54,172,16
54,174,13
54,177,7
54,178,1
54,179,2
55,56,12
55,60,6
55,61,13
55,62,2
55,63,18
55,67,12
55,69,19
55,70,13
55,71,3
55,73,19
55,75,9
55,79,9
55,83,18
55,88,1
55,89,8
55,90,13
55,91,1
55,94,10
55,99,7
55,102,20
55,104,2
55,106,17
55,110,11
55,111,20
55,113,4
55,117,14
55,118,9
55,121,11
55,123,11
55,125,7
55,129,16
55,131,4
55,132,6
55,134,16
55,137,20
55,139,10
55,141,9
55,142,17
55,147,17
55,149,17
55,156,4
55,158,12
55,160,17
55,163,19
55,168,9
55,169,5
55,171,11
55,173,20
55,175,8
55,176,5
56,58,11
56,61,9
56,62,5
56,64,13
56,70,9
56,71,13
56,72,13
56,75,12
56,81,19
56,83,13
56,84,11
56,86,11
56,87,8
56,88,9
56,89,14
56,91,15
56,98,11
56,99,19
56,100,14
56,101,8
56,102,19
56,108,18
56,112,14
56,113,9
56,117,6
56,118,11
56,121,19
56,123,18
56,124,8
56,129,5
56,130,8
56,131,20
56,134,2
56,135,19
56,136,3
56,141,14
56,142,9
56,143,5
56,144,8
56,145,3
56,147,18
56,152,14
56,153,1
56,155,14
56,158,6
56,159,11
56,160,15
56,163,2
56,171,16
56,172,17
56,173,19
56,174,9
56,175,4
56,177,11
57,60,16
57,61,8
57,62,2
57,66,11
57,71,20
57,73,15
57,76,13
57,77,20
57,80,7
57,82,15
57,83,5
57,84,9
57,86,13
57,88,11
57,89,9
57,90,10
57,93,18
57,94,20
57,95,20
57,96,9
57,98,6
57,99,12
57,100,2
57,106,15
57,107,8
57,108,12
57,109,11
57,110,15
57,111,2
57,114,2
57,115,2
57,116,17
57,117,18
57,118,18
57,119,2
57,120,3
57,121,20
57,122,14
57,125,2
57,126,2
57,129,5
57,131,2
57,133,11
57,140,17
57,147,13
57,148,13
57,149,8
57,150,2
57,151,1
57,152,7
57,155,7
57,157,14
57,158,9
57,160,17
57,162,1
57,169,2
57,170,15
57,171,8
57,177,4
58,59,18
58,60,9
58,65,14
58,66,3
58,67,9
58,71,16
58,73,4
58,76,19
58,77,13
58,80,20
58,82,17
58,83,14
58,84,19
58,85,7
58,86,14
58,87,15
58,89,18
58,90,20
58,96,18
58,97,15
58,98,4
58,99,10
58,102,2
58,103,4
58,105,12
58,107,18
58,108,6
58,110,13
58,115,17
58,123,18
58,126,8
58,127,19
58,130,3
58,132,1
58,140,17
58,147,10
58,153,6
58,154,6
58,156,20
58,161,3
58,162,14
58,163,7
58,165,4
58,168,17
58,171,6
58,176,2
58,177,14
58,179,17
59,60,17
59,62,4
59,64,8
59,65,6
59,66,6
59,72,3
59,74,16
59,75,8
59,77,17
59,83,9
59,87,19
59,88,13
59,93,6
59,94,15
59,100,13
59,102,2
59,106,1
59,111,20
59,112,11
59,114,12
59,118,20
59,119,9
59,128,5
59,129,20
59,131,19
59,132,12
59,138,18
59,146,20
59,151,14
59,153,16
59,154,15
59,155,2
59,156,20
59,159,17
59,163,14
59,164,5
59,166,17
59,167,14
59,169,7
59,170,14
59,171,18
59,173,5
59,176,20
59,177,2
59,179,18
60,61,20
60,65,4
60,66,17
60,68,6
60,69,1
60,70,5
60,78,18
60,79,14
60,80,6
60,82,10
60,84,17
60,85,14
60,87,7
60,89,19
60,91,19
60,93,17
60,95,9
60,97,16
60,103,12
60,104,2
60,107,3
60,110,9
60,112,1
60,113,11
60,115,9
60,117,6
60,120,9
60,123,6
60,126,12
60,127,17
60,129,8
60,131,4
60,134,12
60,136,12
60,137,18
60,139,18
60,148,15
60,149,15
60,151,4
60,153,6
60,155,17
60,157,6
60,163,15
60,164,13
60,169,9
60,174,5
60,179,13
61,62,10
61,63,15
61,64,19
61,68,2
61,69,4
61,71,18
61,72,13
61,75,16
61,78,13
61,83,17
61,87,20
61,89,7
61,91,3
61,92,2
61,94,11
61,95,19
61,96,19
61,99,13
61,100,2
61,104,5
61,105,4
61,107,7
61,108,8
61,109,16
61,112,15
61,113,4
61,114,8
61,115,6
61,119,2
61,120,20
61,122,2
61,128,20
61,131,20
61,134,19
61,135,9
61,136,17
61,137,20
61,138,3
61,140,4
61,148,11
61,149,8
61,150,13
61,154,15
61,165,2
61,166,16
61,172,18
61,175,7
61,177,19
61,178,8
62,66,9
62,68,9
62,69,5
62,70,9
62,72,4
62,80,9
62,88,19
62,96,17
62,97,11
62,99,2
62,102,11
62,104,2
62,107,15
62,109,16
62,111,7
62,112,17
62,114,3
62,116,6
62,117,4
62,124,10
62,126,13
62,128,9
62,133,15
62,134,1
62,140,13
62,142,1
62,146,6
62,153,15
62,154,7
62,155,3
62,156,7
62,160,20
62,162,19
62,163,7
62,167,8
62,168,6
62,170,2
62,173,14
62,174,17
63,65,13
63,70,2
63,72,12
63,74,18
63,77,9
63,79,16
63,80,3
63,81,18
63,85,5
63,86,17
63,88,19
63,89,17
63,91,3
63,94,17
63,98,20
63,101,4
63,105,9
63,107,2
63,109,5
63,114,5
63,116,11
63,117,16
63,118,10
63,120,3
63,122,10
63,126,5
63,128,7
63,129,10
63,132,10
63,135,4
63,137,13
63,138,5
63,139,6
63,144,14
63,145,16
63,146,7
63,147,2
63,151,5
63,155,3
63,157,5
63,158,4
63,160,19
63,161,2
63,163,17
63,164,12
63,166,1
63,167,16
63,168,9
63,169,17
63,171,4
63,172,9
63,173,14
63,177,11
63,178,1
63,179,19
64,65,17
64,66,15
64,67,20
64,68,7
64,69,3
64,79,2
64,83,13
64,84,18
64,87,13
64,92,8
64,95,8
64,97,15
64,98,1
64,102,11
64,103,7
64,109,11
64,111,3
64,113,3
64,117,17
64,118,3
64,120,12
64,122,10
64,125,6
64,127,14
64,128,14
64,129,5
64,131,20
64,133,15
64,134,9
64,138,1
64,139,16
64,142,8
64,144,5
64,147,6
64,150,12
64,151,8
64,152,10
64,153,9
64,157,19
64,160,11
64,162,10
64,164,6
64,167,10
64,168,13
64,170,9
64,176,7
64,179,13
65,67,8
65,72,2
65,73,14
65,74,11
65,75,15
65,76,3
65,81,15
65,82,2
65,83,15
65,84,9
65,87,14
65,89,1
65,90,4
65,93,8
65,101,10
65,103,2
65,104,11
65,110,8
65,111,9
65,113,5
65,121,15
65,122,2
65,125,17
65,132,16
65,136,8
65,137,15
65,140,6
65,141,4
65,143,20
65,144,15
65,152,4
65,155,12
65,158,14
65,161,16
65,162,11
65,164,1
65,166,8
65,167,4
65,168,12
65,171,7
65,176,13
66,67,8
66,73,9
66,75,8
66,76,17
66,77,1
66,78,10
66,83,19
66,84,10
66,87,20
66,91,9
66,97,16
66,98,2
66,99,12
66,100,19
66,101,4
66,102,20
66,112,12
66,120,20
66,121,9
66,124,3
66,125,4
66,128,10
66,130,16
66,131,4
66,133,6
66,134,9
66,136,20
66,141,3
66,142,2
66,144,20
66,146,15
66,150,9
66,152,20
66,153,1
66,157,17
66,160,8
66,163,14
66,171,19
66,172,14
66,177,6
67,68,16
67,69,8
67,71,7
67,75,1
67,76,12
67,80,13
67,81,11
67,82,4
67,84,5
67,86,6
67,88,14
67,90,20
67,91,11
67,92,4
67,94,5
67,99,5
67,100,6
67,104,8
67,106,12
67,112,17
67,115,12
67,117,5
67,120,18
67,123,17
67,126,17
67,128,13
67,129,19
67,130,16
67,132,4
67,134,18
67,138,6
67,139,2
67,140,1
67,141,2
67,143,18
67,145,6
67,147,6
67,148,3
67,152,19
67,153,7
67,158,6
67,159,16
67,161,19
67,162,17
67,165,3
67,166,13
67,168,2
67,172,18
67,177,6
68,70,16
68,74,15
68,75,6
68,76,5
68,77,7
68,79,3
68,81,20
68,83,11
68,84,13
68,91,4
68,94,1
68,100,10
68,101,2
68,105,5
68,111,5
68,113,6
68,115,2
68,119,6
68,121,12
68,122,16
68,123,3
68,130,19
68,132,8
68,134,16
68,138,10
68,142,15
68,143,8
68,144,15
68,145,8
68,148,18
68,155,11
68,156,19
68,157,14
68,158,6
68,161,2
68,164,11
68,165,2
68,167,20
68,169,17
68,171,15
68,176,7
68,179,12
69,70,8
69,71,16
69,73,6
69,74,2
69,78,8
69,80,6
69,82,4
69,83,9
69,84,12
69,85,15
69,87,4
69,88,12
69,90,7
69,93,11
69,94,1
69,95,18
69,97,18
69,98,4
69,99,5
69,100,7
69,101,18
69,103,13
69,105,12
69,106,13
69,120,13
69,121,9
69,124,6
69,126,14
69,128,20
69,134,19
69,136,13
69,140,20
69,141,9
69,145,9
69,147,16
69,148,2
69,149,17
69,150,5
69,152,8
69,153,5
69,155,10
69,156,8
69,160,17
69,161,6
69,163,2
69,170,5
69,171,11
69,173,15
69,174,16
69,175,13
69,176,7
69,177,3
70,73,16
70,75,13
70,76,6
70,85,18
70,87,14
70,90,12
70,92,14
70,93,18
70,95,19
70,96,12
70,98,6
70,99,3
70,100,11
70,101,2
70,102,19
70,104,12
70,105,14
70,109,19
70,111,14
70,114,1
70,115,12
70,116,2
70,117,8
70,118,3
70,130,13
70,131,10
70,137,9
70,138,16
70,140,12
70,144,8
70,146,16
70,147,16
70,148,19
70,150,15
70,155,16
70,156,17
70,157,14
70,158,9
70,159,1
70,162,9
70,167,9
70,169,6
70,170,6
70,171,16
70,172,16
70,174,6
70,177,5
71,73,3
71,83,13
71,84,5
71,85,1
71,87,16
71,88,14
71,89,14
71,91,17
71,92,7
71,93,4
71,94,18
71,95,10
71,96,6
71,97,11
71,98,2
71,99,6
71,107,17
71,109,4
71,110,4
71,111,3
71,112,15
71,114,3
71,115,15
71,117,11
71,118,3
71,121,10
71,122,19
71,123,12
71,131,3
71,134,1
71,136,19
71,137,20
71,139,5
71,145,15
71,146,12
71,147,12
71,150,4
71,152,18
71,155,11
71,156,8
71,159,5
71,162,14
71,164,16
71,167,17
71,169,6
71,172,2
71,173,20
71,174,4
71,176,8
71,179,2
72,73,17
72,74,2
72,75,8
72,84,5
72,85,12
72,91,3
72,92,15
72,93,9
72,96,20
72,97,4
72,100,17
72,102,8
72,103,3
72,107,17
72,108,2
72,112,9
72,114,10
72,116,8
72,119,3
72,120,2
72,125,11
72,127,6
72,128,2
72,129,8
72,131,12
72,138,11
72,140,6
72,143,20
72,145,14
72,148,5
72,155,9
72,156,10
72,163,5
72,173,10
72,175,20
72,177,20
72,178,5
72,179,9
73,83,7
73,84,15
73,88,18
73,90,2
73,93,11
73,94,12
73,95,5
73,99,6
73,102,4
73,104,15
73,105,10
73,106,10
73,107,14
73,108,8
73,109,9
73,112,19
73,118,6
73,126,16
73,127,2
73,130,6
73,132,13
73,138,13
73,139,20
73,144,18
73,146,16
73,147,5
73,149,9
73,156,3
73,157,16
73,161,6
73,162,7
73,164,20
73,165,3
73,166,10
73,168,20
73,171,5
73,173,18
73,174,17
73,175,20
73,176,10
73,177,4
73,178,5
74,75,11
74,76,5
74,79,5
74,81,14
74,84,4
74,85,14
74,91,17
74,95,7
74,96,6
74,102,9
74,106,16
74,107,7
74,110,2
74,112,2
74,114,11
74,116,5
74,118,1
74,119,18
74,123,3
74,127,20
74,128,4
74,129,10
74,133,8
74,134,11
74,138,14
74,139,4
74,140,15
74,144,20
74,145,19
74,147,1
74,149,2
74,155,14
74,156,14
74,162,13
74,165,20
74,167,17
74,170,3
74,171,16
74,174,16
74,175,10
74,178,2
75,77,19
75,78,17
75,81,1
75,83,19
75,88,13
75,90,19
75,92,16
75,93,19
75,96,16
75,100,19
75,101,3
75,104,5
75,108,3
75,111,12
75,118,16
75,121,16
75,123,18
75,125,7
75,131,1
75,134,6
75,138,14
75,144,8
75,145,3
75,149,4
75,151,10
75,153,8
75,154,3
75,156,9
75,157,3
75,161,20
75,166,13
75,167,15
75,168,12
75,169,12
75,170,20
75,172,8
75,173,1
75,177,15
75,179,9
76,77,4
76,79,5
76,92,9
76,93,11
76,97,10
76,102,2
76,106,13
76,110,15
76,112,14
76,114,3
76,122,5
76,125,8
76,126,18
76,130,7
76,135,1
76,136,6
76,141,9
76,142,13
76,147,11
76,149,8
76,152,20
76,153,18
76,155,19
76,163,13
76,164,1
76,165,14
76,166,12
76,167,1
76,171,16
76,173,7
76,174,20
76,175,19
76,178,4
77,79,3
77,81,19
77,88,17
77,93,8
77,95,1
77,96,15
77,99,4
77,104,4
77,109,13
77,113,17
77,116,16
77,117,16
77,119,18
77,121,18
77,128,1
77,129,3
77,132,13
77,134,2
77,136,16
77,142,3
77,145,10
77,147,13
77,148,1
77,149,9
77,150,7
77,152,13
77,154,13
77,157,20
77,158,17
77,160,2
77,161,16
77,165,14
77,168,10
77,175,9
77,176,7
77,178,19
78,79,20
78,80,7
78,85,8
78,89,9
78,91,20
78,92,7
78,94,8
78,95,2
78,101,8
78,105,19
78,108,6
78,113,20
78,116,15
78,119,20
78,120,4
78,124,19
78,127,19
78,128,18
78,133,6
78,135,18
78,136,4
78,138,16
78,139,7
78,141,19
78,148,19
78,150,14
78,153,15
78,154,9
78,155,14
78,157,15
78,158,2
78,162,11
78,163,10
78,164,8
78,166,1
78,167,18
78,169,19
78,170,18
78,172,19
78,175,10
78,179,15
79,81,7
79,82,4
79,86,1
79,88,19
79,89,12
79,92,1
79,93,18
79,94,7
79,96,13
79,97,17
79,98,20
79,100,17
79,102,9
79,103,7
79,104,10
79,107,12
79,108,18
79,111,1
79,114,5
79,115,11
79,123,19
79,124,15
79,128,9
79,129,18
79,130,19
79,131,15
79,132,3
79,133,6
79,135,1
79,136,16
79,137,7
79,139,13
79,140,7
79,141,1
79,144,9
79,145,10
79,147,7
79,148,5
79,151,2
79,153,2
79,154,2
79,157,13
79,159,2
79,161,13
79,162,4
79,164,18
79,166,5
79,170,19
79,173,1
79,174,3
79,177,1
79,178,17
80,82,3
80,89,17
80,91,8
80,92,4
80,94,11
80,95,18
80,96,13
80,97,15
80,99,18
80,101,17
80,102,10
80,103,17
80,104,17
80,105,16
80,106,13
80,108,13
80,116,10
80,120,9
80,122,5
80,123,9
80,124,20
80,125,16
80,126,12
80,128,1
80,129,13
80,132,10
80,133,12
80,135,20
80,138,20
80,139,17
80,140,17
80,142,10
80,146,13
80,147,11
80,153,1
80,154,14
80,155,2
80,156,18
80,157,8
80,158,13
80,163,2
80,164,12
80,171,2
80,179,17
81,82,8
81,83,6
81,84,13
81,88,4
81,89,17
81,90,19
81,91,6
81,92,13
81,94,12
81,95,10
81,98,14
81,99,11
81,101,4
81,105,16
81,108,8
81,110,17
81,112,8
81,114,14
81,116,16
81,122,7
81,124,1
81,125,17
81,127,3
81,129,18
81,131,18
81,133,7
81,134,11
81,141,14
81,155,6
81,157,2
81,158,20
81,163,19
81,167,8
81,169,20
81,171,12
81,174,3
81,175,17
81,177,2
81,178,7
81,179,10
82,87,19
82,90,3
82,92,10
82,93,13
82,94,6
82,100,15
82,102,10
82,104,16
82,105,16
82,109,4
82,110,16
82,111,4
82,114,5
82,118,2
82,119,9
82,126,8
82,127,3
82,128,7
82,131,4
82,134,8
82,136,4
82,142,3
82,144,13
82,145,13
82,146,5
82,148,8
82,149,8
82,150,19
82,154,18
82,156,5
82,158,11
82,159,7
82,161,15
82,162,8
82,163,19
82,164,4
82,174,16
82,175,7
82,178,20
83,87,18
83,90,7
83,92,4
83,93,10
83,95,6
83,96,10
83,97,13
83,98,10
83,100,18
83,101,11
83,112,6
83,113,2
83,118,13
83,124,8
83,125,18
83,126,4
83,129,17
83,135,1
83,136,17
83,139,13
83,146,10
83,147,13
83,150,11
83,152,5
83,157,2
83,158,20
83,161,12
83,166,1
83,167,11
83,168,11
83,169,17
83,170,20
83,173,17
83,174,4
83,178,4
84,86,11
84,96,2
84,103,14
84,109,10
84,111,10
84,118,19
84,119,5
84,120,9
84,122,14
84,123,5
84,124,14
84,125,3
84,130,8
84,131,15
84,134,12
84,136,7
84,138,15
84,139,11
84,141,9
84,142,7
84,143,4
84,147,13
84,148,14
84,150,15
84,156,7
84,157,19
84,161,15
84,162,8
84,165,11
84,169,16
84,172,2
84,174,18
84,175,14
84,176,9
84,177,15
84,178,7
84,179,1
85,89,19
85,90,4
85,92,8
85,94,18
85,95,5
85,98,2
85,102,19
85,107,20
85,108,6
85,110,1
85,111,16
85,112,16
85,114,15
85,115,3
85,116,17
85,117,7
85,118,9
85,120,20
85,126,8
85,127,3
85,128,18
85,129,17
85,130,20
85,131,10
85,133,20
85,134,6
85,136,17
85,139,12
85,144,5
85,151,1
85,153,7
85,155,18
85,160,19
85,162,4
85,163,4
85,167,16
85,172,8
85,173,11
85,176,11
85,178,14
85,179,15
86,88,7
86,90,11
86,92,16
86,96,18
86,108,4
86,111,4
86,112,14
86,113,13
86,118,12
86,119,2
86,120,20
86,123,19
86,124,2
86,126,11
86,127,8
86,128,10
86,130,10
86,132,4
86,134,5
86,136,11
86,137,18
86,140,16
86,142,17
86,145,7
86,146,20
86,148,18
86,151,18
86,153,5
86,156,10
86,157,8
86,159,6
86,162,6
86,166,11
86,174,12
87,89,5
87,91,11
87,93,15
87,94,7
87,95,11
87,98,7
87,99,3
87,102,6
87,103,15
87,106,2
87,109,12
87,111,15
87,112,18
87,113,5
87,114,3
87,115,5
87,117,5
87,124,17
87,127,15
87,128,14
87,130,16
87,132,7
87,133,7
87,134,8
87,144,15
87,145,6
87,146,4
87,148,2
87,150,7
87,156,4
87,159,18
87,161,14
87,162,14
87,163,19
87,166,18
87,170,18
87,172,17
87,173,11
87,175,12
87,177,1
88,89,20
88,90,16
88,91,5
88,93,12
88,100,13
88,101,6
88,103,5
88,105,14
88,110,13
88,112,18
88,113,20
88,114,6
88,115,4
88,117,17
88,119,4
88,121,9
88,123,7
88,124,6
88,125,14
88,126,8
88,127,14
88,129,20
88,131,3
88,137,16
88,141,1
88,145,3
88,146,14
88,148,3
88,151,1
88,152,2
88,159,12
88,164,13
88,168,5
88,170,16
88,172,11
88,175,19
88,179,3
89,90,13
89,91,2
89,93,12
89,95,10
89,98,8
89,102,15
89,105,5
89,106,12
89,109,1
89,112,3
89,115,17
89,116,13
89,117,4
89,119,14
89,120,3
89,122,10
89,125,11
89,129,10
89,131,18
89,132,15
89,141,4
89,152,16
89,154,1
89,156,3
89,157,4
89,159,2
89,163,14
89,168,7
89,169,13
89,173,18
89,174,20
89,175,9
89,177,17
89,178,7
90,91,2
90,93,8
90,95,10
90,96,7
90,97,9
90,99,2
90,102,16
90,103,5
90,106,17
90,112,5
90,115,10
90,116,2
90,118,10
90,120,18
90,123,19
90,126,16
90,128,15
90,132,15
90,136,17
90,139,8
90,140,17
90,142,15
90,143,19
90,144,14
90,145,20
90,146,15
90,147,10
90,150,1
90,153,9
90,158,15
90,159,3
90,162,4
90,163,7
90,164,15
90,165,7
90,166,17
90,167,17
90,168,1
90,171,2
90,173,16
90,174,8
90,177,9
91,92,15
91,98,13
91,99,14
91,102,13
91,104,18
91,107,11
91,108,7
91,109,18
91,110,10
91,114,16
91,116,20
91,117,6
91,118,2
91,121,17
91,122,11
91,123,2
91,124,8
91,127,20
91,129,15
91,130,12
91,131,12
91,132,20
91,133,11
91,134,5
91,135,9
91,145,16
91,147,10
91,149,14
91,151,15
91,158,6
91,163,11
91,164,15
91,166,11
91,167,15
91,169,17
91,171,14
91,174,10
91,177,18
91,178,8
91,179,11
92,94,19
92,97,14
92,99,2
92,100,19
92,102,10
92,103,14
92,108,17
92,109,10
92,111,4
92,114,3
92,119,12
92,120,19
92,121,20
92,124,8
92,125,20
92,128,11
92,131,20
92,132,7
92,135,3
92,138,6
92,140,4
92,142,2
92,143,17
92,145,3
92,147,11
92,153,3
92,154,11
92,155,19
92,156,7
92,160,19
92,161,4
92,162,5
92,164,10
92,166,7
92,171,10
92,173,16
92,176,6
93,97,2
93,99,18
93,102,17
93,105,12
93,107,8
93,112,9
93,115,13
93,116,15
93,118,10
93,120,16
93,123,8
93,125,5
93,128,19
93,129,9
93,139,14
93,140,5
93,145,6
93,147,6
93,148,14
93,153,16
93,154,10
93,157,2
93,159,12
93,161,15
93,162,7
93,165,5
93,168,1
93,169,20
93,171,11
93,172,15
93,173,1
93,176,16
94,96,14
94,97,18
94,98,7
94,100,18
94,105,9
94,106,6
94,112,8
94,114,15
94,118,3
94,119,7
94,122,20
94,126,15
94,131,5
94,133,13
94,135,10
94,138,17
94,140,16
94,143,5
94,146,12
94,149,4
94,154,13
94,156,8
94,157,11
94,161,18
94,162,10
94,164,14
94,166,13
94,167,17
94,171,5
94,172,20
94,173,2
94,176,10
95,102,3
95,104,17
95,108,13
95,109,10
95,110,20
95,113,17
95,114,19
95,115,9
95,118,2
95,119,17
95,120,5
95,122,8
95,124,14
95,127,18
95,130,19
95,132,13
95,136,14
95,137,16
95,141,20
95,145,5
95,146,15
95,148,17
95,150,10
95,151,14
95,152,19
95,153,15
95,155,15
95,167,5
95,169,10
95,173,13
95,177,13
96,102,16
96,104,19
96,106,19
96,109,8
96,111,15
96,115,19
96,116,3
96,117,9
96,119,12
96,120,12
96,123,5
96,124,2
96,125,3
96,128,2
96,130,9
96,132,17
96,133,9
96,134,3
96,135,16
96,137,9
96,138,4
96,139,11
96,143,10
96,145,17
96,146,18
96,152,10
96,155,9
96,156,14
96,157,2
96,159,5
96,163,9
96,166,6
96,169,5
96,171,6
96,176,10
96,177,3
97,100,2
97,102,19
97,104,2
97,105,7
97,106,19
97,107,2
97,108,19
97,113,8
97,115,12
97,116,6
97,121,16
97,124,20
97,125,14
97,128,4
97,129,7
97,130,10
97,131,13
97,133,13
97,135,5
97,136,9
97,140,5
97,142,3
97,144,3
97,149,16
97,153,2
97,155,5
97,156,2
97,157,6
97,158,19
97,160,15
97,162,1
97,163,11
97,166,6
97,167,10
97,169,5
97,171,4
97,172,20
97,175,13
97,176,7
97,177,6
97,178,6
97,179,5
98,99,10
98,100,4
98,102,20
98,105,13
98,109,10
98,110,13
98,119,1
98,120,4
98,128,3
98,129,9
98,133,9
98,135,15
98,136,17
98,140,12
98,142,16
98,143,14
98,144,15
98,148,5
98,149,15
98,150,3
98,151,19
98,152,9
98,153,15
98,162,10
98,165,2
98,167,5
98,168,10
98,171,7
98,176,7
98,178,8
99,103,12
99,104,20
99,105,17
99,107,1
99,113,3
99,117,18
99,118,6
99,119,9
99,122,11
99,129,19
99,131,5
99,132,2
99,136,19
99,138,10
99,140,1
99,149,17
99,150,3
99,151,4
99,152,7
99,153,20
99,154,10
99,156,11
99,157,16
99,159,15
99,160,9
99,162,8
99,163,9
99,165,10
99,166,20
99,168,19
99,169,7
99,173,9
99,174,7
99,175,6
99,179,15
100,101,15
100,104,11
100,108,4
100,110,4
100,111,3
100,113,5
100,114,9
100,118,8
100,122,10
100,132,20
100,133,12
100,136,8
100,138,4
100,139,17
100,144,7
100,147,12
100,157,4
100,159,12
100,160,3
100,163,19
100,164,1
100,167,9
100,169,8
100,173,4
100,175,17
101,103,6
101,105,1
101,106,2
101,109,4
101,110,13
101,112,3
101,120,2
101,121,13
101,122,8
101,126,15
101,131,1
101,133,3
101,138,13
101,139,13
101,140,20
101,141,6
101,145,15
101,152,10
101,155,19
101,156,11
101,160,3
101,162,3
101,164,14
101,166,13
101,171,2
101,173,3
101,177,4
101,178,2
102,104,17
102,109,5
102,115,6
102,116,15
102,118,18
102,119,14
102,121,2
102,128,20
102,131,18
102,133,18
102,134,9
102,137,5
102,140,19
102,141,17
102,153,11
102,155,7
102,162,4
102,165,20
102,166,18
102,168,3
102,169,7
102,178,10
102,179,14
103,104,12
103,106,16
103,108,1
103,113,6
103,119,20
103,123,18
103,127,15
103,128,4
103,136,18
103,138,16
103,143,14
103,144,1
103,146,2
103,147,1
103,148,13
103,150,1
103,155,20
103,166,10
103,167,14
103,168,19
103,173,1
103,178,10
104,105,6
104,108,3
104,109,5
104,110,16
104,112,2
104,114,8
104,115,7
104,123,18
104,126,12
104,129,19
104,130,2
104,132,9
104,135,2
104,136,8
104,138,20
104,141,18
104,143,10
104,149,6
104,153,18
104,154,17
104,161,1
104,162,8
104,166,9
104,167,9
104,169,3
104,170,7
104,171,12
104,172,1
104,175,7
104,177,14
105,107,12
105,109,12
105,110,8
105,114,7
105,116,3
105,118,1
105,119,19
105,120,15
105,123,1
105,126,4
105,129,14
105,133,2
105,134,10
105,140,7
105,141,6
105,143,4
105,150,1
105,152,7
105,155,20
105,156,19
105,157,12
105,158,18
105,159,20
105,162,7
105,163,7
105,164,8
105,168,1
105,176,3
105,178,18
106,107,14
106,108,3
106,111,14
106,112,1
106,116,10
106,118,1
106,121,15
106,123,12
106,124,14
106,126,1
106,127,19
106,130,16
106,133,18
106,134,4
106,140,18
106,146,10
106,147,13
106,148,9
106,150,17
106,151,17
106,153,10
106,155,5
106,157,7
106,163,17
106,164,3
107,108,18
107,109,13
107,112,6
107,113,19
107,114,5
107,119,8
107,122,17
107,124,19
107,127,12
107,128,17
107,129,4
107,130,13
107,131,2
107,135,8
107,137,11
107,138,20
107,142,8
107,146,11
107,148,16
107,149,4
107,151,17
107,160,20
107,161,3
107,162,18
107,165,13
107,166,15
107,167,2
107,176,5
107,178,13
108,110,1
108,113,12
108,115,20
108,118,5
108,119,11
108,122,17
108,124,6
108,125,18
108,128,13
108,129,16
108,133,1
108,135,7
108,138,10
108,139,9
108,145,7
108,147,2
108,149,7
108,152,3
108,153,19
108,155,7
108,164,14
108,166,4
108,171,6
108,172,15
108,175,18
108,176,15
109,113,5
109,116,11
109,117,13
109,119,15
109,120,1
109,122,6
109,123,9
109,124,4
109,125,1
109,129,8
109,132,12
109,136,2
109,137,5
109,138,10
109,139,3
109,140,6
109,142,3
109,144,5
109,150,15
109,153,19
109,154,19
109,156,17
109,158,1
109,164,15
109,166,2
109,175,4
109,176,14
109,178,2
110,111,14
110,113,20
110,114,17
110,123,3
110,125,7
110,127,10
110,128,7
110,129,15
110,130,8
110,131,12
110,133,5
110,134,20
110,135,8
110,139,3
110,141,17
110,143,11
110,144,5
110,145,8
110,146,10
110,149,10
110,150,12
110,152,3
110,153,4
110,156,14
110,161,1
110,162,8
110,165,4
110,167,20
110,171,9
110,173,11
110,178,8
111,112,3
111,113,1
111,114,17
111,115,19
111,117,11
111,118,1
111,120,12
111,122,12
111,123,10
111,124,2
111,126,8
111,127,12
111,128,2
111,132,19
111,133,13
111,134,19
111,135,10
111,140,2
111,146,9
111,147,7
111,148,10
111,152,17
111,153,1
111,154,17
111,155,20
111,156,11
111,159,12
111,161,17
111,162,8
111,165,3
111,166,8
111,168,12
111,170,6
111,171,20
111,174,7
111,177,2
112,113,14
112,117,2
112,123,17
112,124,14
112,125,1
112,127,8
112,129,6
112,131,18
112,132,13
112,133,8
112,135,4
112,136,12
112,137,5
112,141,6
112,142,8
112,143,6
112,144,6
112,149,9
112,154,14
112,156,2
112,157,20
112,159,8
112,163,5
112,167,9
112,168,9
112,169,11
112,177,1
112,178,6
112,179,13
113,114,15
113,116,7
113,119,2
113,121,14
113,122,4
113,124,8
113,125,6
113,129,6
113,132,2
113,135,20
113,136,1
113,137,8
113,143,1
113,144,15
113,148,15
113,149,1
113,151,8
113,153,10
113,154,18
113,156,16
113,162,10
113,163,17
113,165,12
113,170,4
113,171,16
113,172,7
113,174,14
113,178,11
113,179,13
114,118,10
114,120,17
114,121,1
114,122,14
114,123,11
114,124,15
114,125,20
114,126,11
114,130,1
114,131,6
114,132,20
114,136,10
114,137,6
114,142,8
114,146,6
114,149,11
114,150,7
114,151,7
114,152,10
114,156,12
114,159,13
114,160,20
114,161,17
114,164,8
114,166,1
114,168,13
114,169,15
114,171,3
114,178,3
115,119,11
115,120,3
115,122,18
115,125,18
115,126,17
115,128,14
115,134,14
115,135,1
115,138,14
115,139,15
115,140,10
115,143,8
115,144,2
115,148,20
115,150,16
115,152,16
115,153,14
115,154,17
115,155,6
115,158,14
115,160,17
115,161,3
115,163,16
115,165,10
115,169,8
115,170,11
115,171,4
115,175,16
115,179,19
116,119,6
116,130,14
116,132,3
116,136,1
116,137,1
116,140,20
116,141,9
116,143,20
116,144,4
116,150,9
116,152,8
116,153,2
116,155,5
116,156,11
116,160,16
116,165,4
116,169,16
116,172,17
116,175,13
116,177,6
116,179,15
117,120,18
117,121,20
117,126,16
117,128,16
117,135,4
117,141,8
117,142,11
117,143,20
117,144,5
117,145,19
117,146,15
117,153,4
117,157,8
117,159,3
117,161,5
117,162,10
117,168,18
117,170,8
117,171,1
117,175,15
117,178,2
117,179,10
118,120,17
118,121,4
118,123,5
118,124,17
118,125,20
118,126,13
118,129,20
118,130,19
118,138,9
118,139,19
118,144,14
118,145,20
118,148,6
118,150,4
118,152,10
118,155,18
118,156,12
118,163,4
118,165,14
118,166,17
118,170,17
118,171,20
118,176,15
119,120,19
119,124,15
119,125,3
119,127,3
119,129,6
119,131,3
119,134,4
119,135,1
119,137,15
119,140,11
119,142,1
119,144,15
119,145,11
119,146,10
119,147,16
119,154,16
119,157,16
119,158,19
119,161,4
119,162,1
119,163,15
119,166,17
119,167,4
119,169,19
119,170,16
119,175,15
119,177,14
120,121,7
120,123,3
120,124,3
120,125,13
120,126,19
120,128,11
120,129,13
120,130,6
120,132,14
120,134,1
120,135,16
120,137,19
120,139,3
120,140,1
120,143,17
120,146,2
120,148,12
120,150,12
120,152,12
120,153,13
120,154,18
120,160,8
120,161,11
120,163,6
120,165,15
120,169,8
120,172,16
120,173,14
120,177,11
120,178,1
120,179,4
121,123,15
121,124,6
121,128,16
121,130,5
121,138,19
121,143,9
121,145,4
121,150,5
121,153,17
121,154,4
121,158,16
121,159,7
121,164,3
121,169,19
121,170,20
121,171,8
121,174,16
121,176,16
121,179,8
122,123,4
122,128,7
122,129,18
122,130,19
122,131,5
122,133,6
122,136,7
122,139,16
122,142,5
122,144,3
122,145,19
122,146,15
122,148,6
122,150,12
122,151,20
122,154,18
122,156,15
122,159,13
122,161,3
122,162,19
122,167,7
122,169,7
122,170,2
122,174,3
122,175,14
122,176,4
122,177,12
123,126,16
123,127,13
123,128,7
123,131,6
123,136,12
123,137,18
123,140,15
123,142,9
123,144,11
123,147,6
123,149,14
123,150,18
123,152,20
123,156,3
123,157,16
123,158,2
123,161,18
123,165,4
123,166,6
123,169,6
123,170,9
123,174,15
123,177,13
123,178,18
124,125,6
124,128,7
124,129,5
124,130,19
124,142,9
124,144,20
124,145,6
124,149,16
124,151,2
124,154,14
124,157,18
124,159,20
124,160,18
124,163,15
124,164,9
124,166,16
124,168,6
124,170,5
124,172,1
124,175,12
125,128,1
125,130,15
125,131,7
125,136,16
125,138,20
125,139,16
125,141,15
125,146,1
125,147,12
125,148,1
125,149,9
125,151,9
125,152,12
125,153,17
125,155,14
125,156,11
125,157,20
125,160,1
125,161,7
125,163,15
125,166,1
125,167,4
125,168,16
125,169,15
125,171,6
125,172,10
125,176,10
125,177,16
126,127,15
126,129,2
126,132,18
126,134,2
126,135,16
126,138,13
126,139,8
126,141,18
126,142,1
126,145,14
126,146,14
126,149,5
126,150,11
126,151,20
126,154,19
126,158,19
126,161,18
126,162,13
126,171,11
126,177,20
127,130,5
127,131,14
127,132,7
127,137,9
127,143,8
127,145,20
127,150,15
127,151,15
127,155,5
127,157,17
127,158,16
127,160,7
127,161,12
127,163,7
127,164,16
127,165,20
127,168,8
127,170,14
127,174,9
127,177,12
127,178,14
127,179,14
128,134,12
128,136,6
128,137,4
128,139,13
128,140,10
128,142,13
128,145,1
128,146,11
128,147,13
128,149,4
128,150,8
128,151,2
128,152,9
128,153,6
128,154,2
128,156,13
128,158,16
128,161,11
128,165,4
128,166,15
128,171,4
128,173,10
128,175,3
128,177,11
128,178,13
128,179,16
129,132,10
129,133,15
129,134,18
129,135,14
129,140,5
129,141,8
129,143,2
129,145,7
129,151,5
129,154,15
129,157,6
129,160,16
129,162,14
129,166,2
129,167,17
129,171,2
129,177,19
130,134,5
130,135,15
130,136,16
130,137,20
130,142,19
130,143,20
130,144,6
130,145,6
130,149,7
130,154,6
130,160,9
130,161,4
130,163,18
130,164,17
130,165,18
130,166,18
130,170,18
130,172,14
130,173,2
130,174,5
130,175,4
131,132,19
131,134,5
131,135,18
131,143,5
131,144,18
131,145,6
131,146,12
131,148,13
131,153,1
131,154,13
131,155,12
131,158,13
131,160,20
131,161,17
131,162,8
131,165,12
131,167,4
131,170,12
131,172,16
131,173,3
131,174,7
131,176,18
132,134,12
132,135,4
132,136,6
132,137,17
132,138,6
132,139,4
132,140,13
132,147,11
132,148,5
132,152,18
132,156,4
132,160,17
132,162,3
132,163,20
132,168,5
132,169,12
132,171,4
132,174,1
132,176,2
132,178,2
133,134,15
133,136,11
133,137,5
133,138,19
133,139,5
133,141,3
133,142,13
133,145,14
133,148,20
133,150,13
133,153,14
133,156,7
133,162,16
133,171,18
133,175,8
134,135,14
134,136,7
134,150,20
134,151,6
134,157,12
134,159,8
134,160,13
134,162,2
134,164,11
134,167,18
134,168,3
134,169,9
134,171,9
134,174,11
134,177,4
135,140,17
135,141,6
135,142,14
135,146,3
135,147,2
135,148,8
135,150,6
135,151,17
135,154,13
135,155,8
135,157,14
135,166,14
135,167,2
135,169,3
135,174,15
135,175,5
135,177,11
135,179,7
136,138,18
136,139,1
136,141,6
136,145,13
136,146,16
136,147,19
136,155,18
136,157,17
136,159,16
136,160,20
136,161,13
136,166,4
136,169,1
136,170,15
136,177,7
136,178,3
136,179,10
137,141,17
137,143,19
137,144,5
137,145,4
137,153,2
137,154,14
137,158,7
137,160,15
137,167,17
137,170,1
137,172,12
137,173,11
137,174,11
137,176,19
137,177,19
137,178,10
137,179,14
138,139,17
138,140,8
138,142,17
138,143,10
138,145,1
138,147,20
138,150,7
138,154,3
138,157,2
138,159,10
138,160,5
138,164,3
138,169,12
139,140,5
139,143,1
139,146,7
139,150,15
139,152,2
139,155,17
139,156,9
139,158,4
139,161,13
139,164,7
139,170,9
139,171,3
139,172,18
139,179,1
140,141,6
140,143,2
140,144,13
140,148,20
140,149,4
140,150,9
140,156,13
140,162,16
140,164,17
140,165,5
140,167,4
140,169,13
140,173,12
140,174,8
140,175,20
140,177,18
140,178,15
141,142,6
141,143,20
141,144,20
141,147,18
141,156,15
141,163,18
141,164,10
141,167,13
141,169,7
141,173,18
141,174,12
142,146,19
142,149,14
142,150,2
142,151,17
142,152,9
142,165,14
142,170,16
142,171,4
142,173,11
142,176,6
142,179,14
143,144,12
143,148,9
143,150,12
143,151,18
143,153,18
143,155,18
143,158,5
143,163,4
143,164,13
143,166,3
143,168,14
143,172,17
143,174,11
143,177,17
144,145,6
144,147,3
144,148,15
144,152,13
144,156,17
144,164,14
144,165,14
144,167,5
144,173,6
144,174,16
144,175,6
144,177,8
144,179,7
145,147,12
145,150,6
145,154,15
145,156,9
145,160,19
145,161,13
145,162,20
145,163,6
145,164,12
145,165,16
145,169,6
145,170,17
145,172,4
145,174,9
145,177,17
146,148,1
146,153,13
146,154,17
146,155,19
146,158,19
146,159,11
146,162,15
146,163,7
146,165,10
146,169,1
146,171,18
146,176,16
146,178,1
146,179,6
147,154,11
147,156,11
147,159,2
147,165,13
147,167,6
147,169,5
147,173,3
147,174,13
147,176,2
147,178,5
148,151,8
148,153,9
148,154,4
148,157,18
148,158,11
148,159,12
148,165,5
148,166,18
148,174,7
149,150,4
149,152,12
149,153,2
149,154,19
149,155,14
149,156,5
149,158,4
149,163,19
149,164,19
149,165,7
149,166,13
149,171,3
149,173,11
149,175,17
149,177,3
150,151,15
150,153,6
150,154,11
150,156,3
150,158,14
150,162,5
150,166,6
150,167,4
150,169,9
150,173,6
150,174,2
150,178,15
151,153,4
151,155,17
151,156,8
151,157,9
151,159,9
151,167,14
151,174,2
151,175,3
151,177,19
151,178,14
152,154,3
152,159,4
152,160,12
152,162,17
152,164,9
152,172,20
152,174,14
152,179,4
153,154,12
153,156,17
153,157,13
153,160,7
153,163,1
153,164,5
153,165,20
153,168,5
153,171,5
154,155,3
154,156,2
154,158,19
154,162,1
154,164,4
154,165,4
154,166,20
154,169,17
154,172,4
154,176,12
154,177,15
155,156,17
155,157,7
155,160,4
155,162,14
155,163,9
155,165,13
155,166,10
155,167,5
155,169,5
155,171,1
155,174,1
155,176,18
155,177,3
155,178,9
156,158,17
156,159,3
156,160,8
156,163,10
156,167,17
156,168,11
156,171,19
156,172,7
156,174,2
156,178,9
157,161,9
157,169,19
157,171,3
157,173,7
157,175,5
157,176,7
157,177,9
158,159,14
158,164,6
158,165,6
158,167,6
158,168,11
158,170,18
158,171,2
158,175,10
158,176,7
158,178,19
159,161,13
159,164,10
159,165,9
159,166,10
159,169,16
159,170,15
159,171,5
159,174,5
159,175,8
159,176,20
159,177,20
159,178,11
160,161,16
160,166,13
160,168,20
160,170,11
160,171,12
160,173,6
160,179,18
161,162,3
161,164,20
161,166,6
161,168,4
161,171,7
161,172,17
161,173,3
161,174,11
161,176,13
161,177,11
162,163,14
162,165,9
162,168,20
162,170,10
162,174,7
162,177,8
162,179,2
163,164,1
163,165,13
163,167,15
163,169,2
163,179,17
164,169,19
164,170,5
164,171,2
164,179,19
166,172,5
166,176,14
167,168,10
167,169,5
167,170,10
167,171,17
167,172,19
167,177,2
168,171,11
168,173,12
168,174,8
168,176,5
168,178,3
169,171,2
169,175,16
169,176,3
169,177,4
170,172,13
170,173,9
171,172,9
171,174,1
171,178,11
172,173,9
172,178,15
172,179,13
173,174,19
173,177,18
173,178,7
173,179,7
174,175,9
174,177,19
174,179,12
175,178,14
176,177,1
176,179,16
178,179,15
