0,1,16
0,3,18
0,4,12
0,7,9
0,8,16
0,9,18
0,10,1
0,11,4
0,12,10
0,14,4
0,15,7
0,20,5
0,21,18
0,22,12
0,24,12
0,25,14
0,26,20
0,27,20
0,28,10
0,29,7
0,31,4
0,35,8
0,36,20
0,37,17
0,39,1
0,40,8
0,42,12
0,43,4
0,45,17
0,46,3
0,48,13
0,49,17
0,51,15
0,52,8
0,53,13
0,54,7
0,55,12
0,57,17
0,59,12
0,62,19
0,65,18
0,66,6
0,69,1
0,75,12
0,76,7
0,77,4
0,79,1
0,80,4
0,81,1
0,82,13
0,84,3
0,85,20
0,86,2
0,88,8
1,3,15
1,4,6
1,6,16
1,11,1
1,15,5
1,18,8
1,20,2
1,22,14
1,23,3
1,24,6
1,25,12
1,27,2
1,28,3
1,29,14
1,30,12
1,31,4
1,32,2
1,34,10
1,36,10
1,37,19
1,41,18
1,44,11
1,46,20
1,47,8
1,48,15
1,49,20
1,51,4
1,53,3
1,54,7
1,56,4
1,57,12
1,59,2
1,60,20
1,61,9
1,62,17
1,63,17
1,66,9
1,68,9
1,69,15
1,70,20
1,71,13
1,72,7
1,74,9
1,77,13
1,78,2
1,79,14
1,80,7
1,82,17
1,85,4
1,86,3
1,87,15
1,89,8
2,3,20
2,4,18
2,7,19
2,8,7
2,10,18
2,12,15
2,14,8
2,17,8
2,19,14
2,21,9
2,22,6
2,23,8
2,24,14
2,26,6
2,27,3
2,28,14
2,29,2
2,30,13
2,32,2
2,33,12
2,34,16
2,35,16
2,36,2
2,37,10
2,38,6
2,39,7
2,41,2
2,43,13
2,44,11
2,45,20
2,47,10
2,48,7
2,49,10
2,50,19
2,51,4
2,53,18
2,55,19
2,56,11
2,57,16
2,58,16
2,59,7
2,60,10
2,62,7
2,63,20
2,64,20
2,66,17
2,67,12
2,68,19
2,71,3
2,73,13
2,74,1
2,76,9
2,82,16
2,83,1
2,84,10
2,85,4
2,86,5
2,88,18
2,89,10
3,6,9
3,8,11
3,9,13
3,11,12
3,12,10
3,13,2
3,14,5
3,17,5
3,18,12
3,19,14
3,20,6
3,21,5
3,22,3
3,25,3
3,26,10
3,28,17
3,30,5
3,31,9
3,34,10
3,35,7
3,36,8
3,42,10
3,43,8
3,44,10
3,45,6
3,47,20
3,49,5
3,52,2
3,53,5
3,57,4
3,58,4
3,59,19
3,60,2
3,63,9
3,64,15
3,65,20
3,66,8
3,67,10
3,69,20
3,71,6
3,73,7
3,74,16
3,76,18
3,77,15
3,79,17
3,83,9
3,84,9
3,88,7
3,89,6
4,7,6
4,10,10
4,11,4
4,12,8
4,14,1
4,15,5
4,16,2
4,18,12
4,22,7
4,23,15
4,24,20
4,25,19
4,26,8
4,27,15
4,28,18
4,29,1
4,30,2
4,31,14
4,32,17
4,34,16
4,35,15
4,38,17
4,39,6
4,40,4
4,41,12
4,47,15
4,48,9
4,49,9
4,50,7
4,53,1
4,55,7
4,56,18
4,57,3
4,58,15
4,60,2
4,61,15
4,63,10
4,67,18
4,69,17
4,73,13
4,74,19
4,75,16
4,76,3
4,78,20
4,79,18
4,82,12
4,84,8
4,86,2
4,88,5
4,89,5
5,6,11
5,8,8
5,11,8
5,14,15
5,15,2
5,16,5
5,17,18
5,18,2
5,19,9
5,22,10
5,24,7
5,25,16
5,27,9
5,29,14
5,30,5
5,31,16
5,33,15
5,36,2
5,37,18
5,38,13
5,39,1
5,40,1
5,43,15
5,45,6
5,49,20
5,50,5
5,52,16
5,54,15
5,56,10
5,58,7
5,61,13
5,62,3
5,65,5
5,68,13
5,72,6
5,74,18
5,78,10
5,80,18
5,83,8
5,84,10
5,87,17
6,9,11
6,10,18
6,13,10
6,16,11
6,18,12
6,19,12
6,20,7
6,22,19
6,24,15
6,25,3
6,26,18
6,28,15
6,29,8
6,30,19
6,31,19
6,32,11
6,33,12
6,34,11
6,35,15
6,36,14
6,39,1
6,40,7
6,43,3
6,44,16
6,45,8
6,46,12
6,47,4
6,49,20
6,51,17
6,52,14
6,53,19
6,54,16
6,57,16
6,58,13
6,59,16
6,62,18
6,65,18
6,66,20
6,70,19
6,71,16
6,72,3
6,73,15
6,76,4
6,77,13
6,78,4
6,79,13
6,80,20
6,81,7
6,82,1
6,83,19
6,84,4
6,86,2
6,88,9
6,89,17
7,9,12
7,13,11
7,16,10
7,18,11
7,19,18
7,20,14
7,23,9
7,24,10
7,26,7
7,27,5
7,28,7
7,29,3
7,32,15
7,33,9
7,34,17
7,35,12
7,39,20
7,40,3
7,42,12
7,43,15
7,45,16
7,47,14
7,48,11
7,50,2
7,56,2
7,57,14
7,60,10
7,61,7
7,62,12
7,63,1
7,64,4
7,65,1
7,66,6
7,67,2
7,69,11
7,70,20
7,71,15
7,72,2
7,73,10
7,74,5
7,79,5
7,81,8
7,82,3
7,83,7
7,84,14
7,85,17
7,86,9
8,9,11
8,10,8
8,11,9
8,12,17
8,13,18
8,14,20
8,15,13
8,16,19
8,19,3
8,20,12
8,22,19
8,25,11
8,26,10
8,27,12
8,28,5
8,29,12
8,30,5
8,31,16
8,32,3
8,33,5
8,34,15
8,36,14
8,37,5
8,38,10
8,39,14
8,41,17
8,42,18
8,43,14
8,44,20
8,45,4
8,48,18
8,49,6
8,50,7
8,51,16
8,52,3
8,53,7
8,54,8
8,55,9
8,56,15
8,57,8
8,61,9
8,63,19
8,65,17
8,67,20
8,68,19
8,69,14
8,73,20
8,74,17
8,76,19
8,77,8
8,78,19
8,80,17
8,81,1
8,82,8
8,85,13
8,86,7
8,87,20
9,11,2
9,12,13
9,13,10
9,14,7
9,17,17
9,18,6
9,19,13
9,20,13
9,21,12
9,22,7
9,23,1
9,24,20
9,25,6
9,26,5
9,28,17
9,29,11
9,32,5
9,36,6
9,37,10
9,38,1
9,39,2
9,40,13
9,42,16
9,43,18
9,44,2
9,45,13
9,46,8
9,48,9
9,49,1
9,51,9
9,54,5
9,55,10
9,57,16
9,60,14
9,62,3
9,63,19
9,64,9
9,65,10
9,66,12
9,67,8
9,69,12
9,71,19
9,75,15
9,77,1
9,78,1
9,82,5
9,83,2
9,86,10
9,87,15
9,88,5
10,12,15
10,16,11
10,17,9
10,19,15
10,21,7
10,24,20
10,27,20
10,28,19
10,29,12
10,31,18
10,32,19
10,33,10
10,37,17
10,39,10
10,41,9
10,44,16
10,45,2
10,46,14
10,47,18
10,49,19
10,50,6
10,51,11
10,52,4
10,53,10
10,54,1
10,57,15
10,59,14
10,60,5
10,65,19
10,66,6
10,67,9
10,68,15
10,69,14
10,70,1
10,73,20
10,74,20
10,75,8
10,77,4
10,82,6
10,83,16
10,84,10
10,85,4
10,86,11
10,87,17
10,88,3
11,17,17
11,18,1
11,19,15
11,20,5
11,21,7
11,22,10
11,23,11
11,25,4
11,26,14
11,27,14
11,28,3
11,30,16
11,31,19
11,32,10
11,34,18
11,36,18
11,37,6
11,41,3
11,44,14
11,45,18
11,46,12
11,47,9
11,48,9
11,49,20
11,50,6
11,51,3
11,52,11
11,53,11
11,55,10
11,56,16
11,57,9
11,58,3
11,60,7
11,63,17
11,64,13
11,65,16
11,66,8
11,67,3
11,70,18
11,71,13
11,73,18
11,76,6
11,78,6
11,80,16
11,81,8
11,82,7
11,83,1
11,84,13
11,88,20
11,89,1
12,13,12
12,15,13
12,16,10
12,21,18
12,23,14
12,26,13
12,27,17
12,28,19
12,31,7
12,33,12
12,34,5
12,35,8
12,37,14
12,38,4
12,39,6
12,41,19
12,43,13
12,45,4
12,46,16
12,47,19
12,48,11
12,50,2
12,55,1
12,56,17
12,57,7
12,61,16
12,63,17
12,64,2
12,69,8
12,72,14
12,73,5
12,75,16
12,76,15
12,77,8
12,80,20
12,81,9
12,83,19
12,86,7
12,87,12
12,88,2
13,15,6
13,16,20
13,17,6
13,18,19
13,21,15
13,22,2
13,27,7
13,29,1
13,30,16
13,32,15
13,33,7
13,35,8
13,36,20
13,39,7
13,40,3
13,42,19
13,45,18
13,47,18
13,48,5
13,50,17
13,51,17
13,53,11
13,54,18
13,55,1
13,56,14
13,59,14
13,63,3
13,65,5
13,69,6
13,70,12
13,71,2
13,73,13
13,74,19
13,76,1
13,77,10
13,80,5
13,81,19
13,82,7
13,85,16
13,86,8
14,16,15
14,17,5
14,18,10
14,19,18
14,22,15
14,25,19
14,26,18
14,28,9
14,29,9
14,31,17
14,32,14
14,33,9
14,35,2
14,37,3
14,40,18
14,43,8
14,45,8
14,47,11
14,48,2
14,49,15
14,50,5
14,55,12
14,56,8
14,57,9
14,58,15
14,60,2
14,64,6
14,65,12
14,67,11
14,68,6
14,69,14
14,72,4
14,73,13
14,74,2
14,75,19
14,79,8
14,80,9
14,83,2
14,85,13
14,87,13
14,89,17
15,17,6
15,18,16
15,20,11
15,23,1
15,24,17
15,27,18
15,31,13
15,32,16
15,33,13
15,34,2
15,37,12
15,38,15
15,39,9
15,40,19
15,41,6
15,42,1
15,47,7
15,48,11
15,49,18
15,50,11
15,53,15
15,55,12
15,56,7
15,58,8
15,59,12
15,61,15
15,62,19
15,63,11
15,64,1
15,67,8
15,71,6
15,75,7
15,79,6
15,80,5
15,81,13
15,86,15
15,87,10
15,88,6
16,17,13
16,20,10
16,23,19
16,24,20
16,25,20
16,26,17
16,27,8
16,29,16
16,31,1
16,32,2
16,34,13
16,36,7
16,37,9
16,38,2
16,39,17
16,40,6
16,41,15
16,42,12
16,43,3
16,45,2
16,47,16
16,51,4
16,52,12
16,53,6
16,54,9
16,55,10
16,56,3
16,59,1
16,60,11
16,62,6
16,63,15
16,66,2
16,67,14
16,68,2
16,69,17
16,71,15
16,72,19
16,73,7
16,75,10
16,76,15
16,79,10
16,80,20
16,81,6
16,82,5
16,83,4
16,84,19
17,18,8
17,20,15
17,21,3
17,22,19
17,25,8
17,26,16
17,27,7
17,28,16
17,31,11
17,34,6
17,36,6
17,37,4
17,38,15
17,39,3
17,41,17
17,42,9
17,43,8
17,44,10
17,46,20
17,47,18
17,48,19
17,49,2
17,50,3
17,51,17
17,52,15
17,53,18
17,55,7
17,56,3
17,57,13
17,58,18
17,59,7
17,61,4
17,62,8
17,63,17
17,64,10
17,65,7
17,66,2
17,67,8
17,69,15
17,70,3
17,73,15
17,74,10
17,76,2
17,78,7
17,79,7
17,82,13
17,84,19
17,87,11
17,88,5
18,20,1
18,30,13
18,32,11
18,33,12
18,35,14
18,37,17
18,39,10
18,40,15
18,41,6
18,42,11
18,44,15
18,45,6
18,51,7
18,52,12
18,54,19
18,55,19
18,56,20
18,57,13
18,58,19
18,61,1
18,62,10
18,63,11
18,64,9
18,65,1
18,66,3
18,67,1
18,68,14
18,70,20
18,71,17
18,75,2
18,76,3
18,77,17
18,78,16
18,79,17
18,80,7
18,82,20
18,83,16
18,84,13
18,86,14
18,88,15
18,89,7
19,20,12
19,21,10
19,23,18
19,27,9
19,28,17
19,29,3
19,34,5
19,35,6
19,39,14
19,40,7
19,41,11
19,42,8
19,43,9
19,45,8
19,46,9
19,47,9
19,48,17
19,49,2
19,52,15
19,53,15
19,54,17
19,56,6
19,57,3
19,58,10
19,59,16
19,60,18
19,63,6
19,64,8
19,66,19
19,67,2
19,69,17
19,72,10
19,74,16
19,75,17
19,76,8
19,77,7
19,81,13
19,82,13
19,84,16
19,85,19
19,86,11
19,87,5
20,21,11
20,23,10
20,26,11
20,27,19
20,28,5
20,29,1
20,31,4
20,32,11
20,34,11
20,37,15
20,38,13
20,40,16
20,42,16
20,45,3
20,47,20
20,50,9
20,51,20
20,53,1
20,55,11
20,56,9
20,59,9
20,60,3
20,61,19
20,62,20
20,63,12
20,64,14
20,65,10
20,66,11
20,69,18
20,70,11
20,71,12
20,72,15
20,75,2
20,77,11
20,79,3
20,82,13
20,83,13
20,87,17
20,88,3
21,25,19
21,26,1
21,28,19
21,30,8
21,31,12
21,32,8
21,35,3
21,36,17
21,37,5
21,38,11
21,39,16
21,41,9
21,42,7
21,46,17
21,47,19
21,48,12
21,49,7
21,50,3
21,51,19
21,53,20
21,55,19
21,57,4
21,59,14
21,60,13
21,62,11
21,66,6
21,67,18
21,68,3
21,69,11
21,70,1
21,72,12
21,74,5
21,75,20
21,76,19
21,77,14
21,79,1
21,80,12
21,82,18
21,83,17
21,84,1
21,85,7
21,88,10
21,89,3
22,23,5
22,27,4
22,29,5
22,30,9
22,31,11
22,33,10
22,34,8
22,35,16
22,36,4
22,40,2
22,43,7
22,46,3
22,47,4
22,48,12
22,56,1
22,57,20
22,58,20
22,59,10
22,62,8
22,66,1
22,67,1
22,68,1
22,69,12
22,70,3
22,71,3
22,72,5
22,73,13
22,74,6
22,75,17
22,76,6
22,77,15
22,78,6
22,79,3
22,80,7
22,82,16
22,83,4
22,84,2
22,86,11
22,89,13
23,24,12
23,29,10
23,30,18
23,31,14
23,32,7
23,33,12
23,34,11
23,35,12
23,36,2
23,37,10
23,40,9
23,41,5
23,42,6
23,43,4
23,44,17
23,46,3
23,48,5
23,50,2
23,51,7
23,52,7
23,53,5
23,54,15
23,56,19
23,58,19
23,60,9
23,61,1
23,62,4
23,64,19
23,65,16
23,67,8
23,68,4
23,70,6
23,71,6
23,72,3
23,75,10
23,78,9
23,79,11
23,80,18
23,81,7
23,82,20
23,85,14
23,86,16
23,88,4
23,89,2
24,28,18
24,29,13
24,30,17
24,35,14
24,36,6
24,37,3
24,38,20
24,40,19
24,41,17
24,42,19
24,43,8
24,46,4
24,47,4
24,48,2
24,49,19
24,50,10
24,51,12
24,56,17
24,58,11
24,59,4
24,61,19
24,62,7
24,65,13
24,66,2
24,70,9
24,72,8
24,73,17
24,77,11
24,79,11
24,82,13
24,83,12
24,84,16
24,85,4
24,86,18
24,88,4
25,26,19
25,27,12
25,29,15
25,30,3
25,31,14
25,32,13
25,34,3
25,35,4
25,36,1
25,42,1
25,45,18
25,47,10
25,48,1
25,49,18
25,51,12
25,53,15
25,55,20
25,57,10
25,60,15
25,61,17
25,62,10
25,63,19
25,64,16
25,65,3
25,66,3
25,67,9
25,68,10
25,71,20
25,73,8
25,77,12
25,83,12
25,84,20
25,86,7
25,87,4
25,88,16
26,27,19
26,31,5
26,32,1
26,36,2
26,38,14
26,40,2
26,41,2
26,42,20
26,44,15
26,45,5
26,46,6
26,47,6
26,49,11
26,50,13
26,52,14
26,53,20
26,54,14
26,55,8
26,59,5
26,60,14
26,63,6
26,64,12
26,66,18
26,69,8
26,72,15
26,74,2
26,76,1
26,79,13
26,80,4
26,81,20
26,84,12
26,88,4
27,28,10
27,29,11
27,30,3
27,31,15
27,37,14
27,40,9
27,42,4
27,43,4
27,46,3
27,47,15
27,49,6
27,50,4
27,51,7
27,53,16
27,54,2
27,55,20
27,57,20
27,58,8
27,60,18
27,61,5
27,62,14
27,63,5
27,66,4
27,68,10
27,69,19
27,70,7
27,71,6
27,72,3
27,74,2
27,75,13
27,76,3
27,77,8
27,78,20
27,80,6
27,81,14
27,83,2
27,84,16
27,86,20
27,87,1
27,89,7
28,29,16
28,30,1
28,31,14
28,32,9
28,33,10
28,34,18
28,35,4
28,36,1
28,38,15
28,40,11
28,41,4
28,42,7
28,43,17
28,45,5
28,47,8
28,48,1
28,50,8
28,54,17
28,55,6
28,58,11
28,59,16
28,60,3
28,61,14
28,62,5
28,64,16
28,65,15
28,68,18
28,71,6
28,74,14
28,77,1
28,78,8
28,81,1
28,82,17
28,85,1
28,86,16
28,88,15
29,30,7
29,32,13
29,33,13
29,39,11
29,41,2
29,42,18
29,43,4
29,45,20
29,46,2
29,48,4
29,49,12
29,50,4
29,51,15
29,52,9
29,53,13
29,54,16
29,55,5
29,57,3
29,58,7
29,59,7
29,60,12
29,62,14
29,63,17
29,64,19
29,65,14
29,67,19
29,68,9
29,69,1
29,71,10
29,72,4
29,73,11
29,74,6
29,75,10
29,76,16
29,78,6
29,80,16
29,81,20
29,82,13
29,84,11
29,85,9
29,86,15
29,87,12
29,88,8
30,32,4
30,34,13
30,35,19
30,36,14
30,38,8
30,39,17
30,41,20
30,42,14
30,43,15
30,45,12
30,47,19
30,48,2
30,50,10
30,52,12
30,53,3
30,57,17
30,58,11
30,59,17
30,62,16
30,63,2
30,64,3
30,65,15
30,66,18
30,67,8
30,69,16
30,70,4
30,71,19
30,73,5
30,74,6
30,75,18
30,76,15
30,79,17
30,80,15
30,83,7
30,84,2
30,85,7
30,87,2
30,89,8
31,33,11
31,35,3
31,36,12
31,37,20
31,38,13
31,39,4
31,41,18
31,42,4
31,43,11
31,44,15
31,45,4
31,46,10
31,47,4
31,48,8
31,49,18
31,51,12
31,53,8
31,54,5
31,56,14
31,58,1
31,60,4
31,61,16
31,63,10
31,66,10
31,68,7
31,69,11
31,76,1
31,77,7
31,78,12
31,80,15
31,81,10
31,82,9
31,84,4
31,85,4
31,86,12
31,89,6
32,33,1
32,36,17
32,38,3
32,41,11
32,44,9
32,45,13
32,46,16
32,47,20
32,48,20
32,49,18
32,50,11
32,51,14
32,53,9
32,54,20
32,61,15
32,62,19
32,63,4
32,65,19
32,66,5
32,71,10
32,72,2
32,73,20
32,75,15
32,76,17
32,77,16
32,78,13
32,83,13
32,85,13
32,86,7
32,89,2
33,34,18
33,36,4
33,37,19
33,38,19
33,39,9
33,44,4
33,45,8
33,46,9
33,48,15
33,49,3
33,50,3
33,51,20
33,52,4
33,53,15
33,56,8
33,57,15
33,59,19
33,60,16
33,63,12
33,64,15
33,65,6
33,66,6
33,67,20
33,70,7
33,72,17
33,75,3
33,76,17
33,77,15
33,79,10
33,80,2
33,81,10
33,83,17
33,85,7
33,86,17
34,38,16
34,39,19
34,43,10
34,45,3
34,46,3
34,48,4
34,49,1
34,50,15
34,53,14
34,54,3
34,55,18
34,56,3
34,57,12
34,63,6
34,64,1
34,65,16
34,69,8
34,70,8
34,72,5
34,73,14
34,74,16
34,75,16
34,76,3
34,77,8
34,79,4
34,80,3
34,81,18
34,84,3
34,86,1
34,88,4
34,89,19
35,37,12
35,38,5
35,40,1
35,41,19
35,42,11
35,43,11
35,44,9
35,47,11
35,48,16
35,49,18
35,53,14
35,55,13
35,57,12
35,58,10
35,59,3
35,60,18
35,61,12
35,63,14
35,65,17
35,66,7
35,68,4
35,70,14
35,71,15
35,72,3
35,73,12
35,76,10
35,77,18
35,78,13
35,81,15
35,84,4
35,85,7
35,86,14
35,87,6
35,88,14
35,89,10
36,37,12
36,39,15
36,40,5
36,41,2
36,42,1
36,43,7
36,44,18
36,47,2
36,48,10
36,53,12
36,56,6
36,57,16
36,58,10
36,61,1
36,62,17
36,63,9
36,65,13
36,66,20
36,67,2
36,68,11
36,69,15
36,70,4
36,71,8
36,74,8
36,76,15
36,77,12
36,78,15
36,80,5
36,84,17
36,85,1
36,87,8
36,88,3
36,89,12
37,40,19
37,41,10
37,43,3
37,45,9
37,46,5
37,47,16
37,48,8
37,49,5
37,50,3
37,53,10
37,54,4
37,55,1
37,56,3
37,57,15
37,59,19
37,60,8
37,61,15
37,64,2
37,66,17
37,68,15
37,69,18
37,70,1
37,77,9
37,80,3
37,81,20
37,82,3
37,84,14
37,85,6
37,86,5
37,87,13
37,89,8
38,39,18
38,41,14
38,42,8
38,45,10
38,46,16
38,48,13
38,49,8
38,50,9
38,52,11
38,53,11
38,55,2
38,56,7
38,59,19
38,61,14
38,64,12
38,65,16
38,66,17
38,67,2
38,69,1
38,70,10
38,72,14
38,73,12
38,75,18
38,76,20
38,78,7
38,80,20
38,81,7
38,82,13
38,83,3
38,84,2
38,87,12
38,89,19
39,41,20
39,42,14
39,45,19
39,46,17
39,48,10
39,50,10
39,54,9
39,57,11
39,58,10
39,59,4
39,60,6
39,62,5
39,63,20
39,65,1
39,67,17
39,69,17
39,71,9
39,76,13
39,78,18
39,80,14
39,81,10
39,83,12
39,84,18
39,85,20
39,86,2
39,88,19
40,41,8
40,42,20
40,43,14
40,44,18
40,46,6
40,49,10
40,51,4
40,56,6
40,58,10
40,60,14
40,61,5
40,62,10
40,63,13
40,65,7
40,66,18
40,67,7
40,70,7
40,74,20
40,75,13
40,78,2
40,80,10
40,82,9
40,83,3
40,86,4
40,87,19
40,88,16
41,44,9
41,45,12
41,46,7
41,47,13
41,48,17
41,49,7
41,51,9
41,54,9
41,55,19
41,56,16
41,57,7
41,59,8
41,60,1
41,61,10
41,62,16
41,63,8
41,64,1
41,67,7
41,68,12
41,70,20
41,71,15
41,73,10
41,74,9
41,76,5
41,77,14
41,78,11
41,81,18
41,82,14
41,83,8
41,84,3
41,86,13
41,87,19
42,43,19
42,44,8
42,45,20
42,46,8
42,49,17
42,52,5
42,53,16
42,54,4
42,55,4
42,56,16
42,58,7
42,59,6
42,60,5
42,61,6
42,62,20
42,64,17
42,65,8
42,69,4
42,70,13
42,71,17
42,72,11
42,77,18
42,78,9
42,79,12
42,80,11
42,82,14
42,83,8
42,84,18
42,86,12
42,87,19
42,88,4
43,46,19
43,49,10
43,52,10
43,55,5
43,57,17
43,58,19
43,59,15
43,60,4
43,62,14
43,65,11
43,66,15
43,67,19
43,69,12
43,70,3
43,71,5
43,76,12
43,77,3
43,78,8
43,79,8
43,83,12
43,84,13
43,85,2
43,87,18
43,88,16
43,89,11
44,45,19
44,46,20
44,47,2
44,51,6
44,52,6
44,58,13
44,59,16
44,60,20
44,61,8
44,63,13
44,65,4
44,66,7
44,67,4
44,68,5
44,69,12
44,70,14
44,71,7
44,72,11
44,73,10
44,74,17
44,75,19
44,76,4
44,77,11
44,80,18
44,81,12
44,82,3
44,85,1
44,86,10
44,87,12
45,46,11
45,47,16
45,48,9
45,49,14
45,50,18
45,51,13
45,54,15
45,56,13
45,57,7
45,60,16
45,61,20
45,63,18
45,64,11
45,65,14
45,66,10
45,67,16
45,68,16
45,69,13
45,70,3
45,71,5
45,72,4
45,73,8
45,74,2
45,75,10
45,76,8
45,77,15
45,80,17
45,83,16
45,87,10
45,88,12
45,89,9
46,47,4
46,49,5
46,51,8
46,52,11
46,53,1
46,55,2
46,56,4
46,57,17
46,58,15
46,59,5
46,60,4
46,61,15
46,62,7
46,63,14
46,66,3
46,67,2
46,69,18
46,70,18
46,73,19
46,75,15
46,78,13
46,79,13
46,80,1
46,81,8
46,83,15
46,84,16
46,85,1
46,86,4
46,88,13
47,49,11
47,50,20
47,51,12
47,52,2
47,54,7
47,56,11
47,57,1
47,59,17
47,61,19
47,62,19
47,63,10
47,67,5
47,68,12
47,69,15
47,73,14
47,74,9
47,76,2
47,77,6
47,79,10
47,82,3
47,83,15
47,85,6
47,86,1
47,89,10
48,49,13
48,51,13
48,52,14
48,53,6
48,55,20
48,56,1
48,59,11
48,61,4
48,64,7
48,66,19
48,67,9
48,68,16
48,69,9
48,70,13
48,71,7
48,73,18
48,74,3
48,75,18
48,76,7
48,77,18
48,78,13
48,79,19
48,82,12
48,83,19
48,84,16
48,85,17
48,86,12
48,87,20
48,88,5
48,89,8
49,50,17
49,53,20
49,57,15
49,58,12
49,60,12
49,61,15
49,63,9
49,64,15
49,65,14
49,66,14
49,67,10
49,69,15
49,71,19
49,72,15
49,74,3
49,75,2
49,78,2
49,80,12
49,83,7
49,84,18
49,85,13
49,87,2
49,88,7
50,51,13
50,53,11
50,55,2
50,58,1
50,59,4
50,60,15
50,61,17
50,63,4
50,64,12
50,65,13
50,66,13
50,67,20
50,68,11
50,69,10
50,71,15
50,76,10
50,77,13
50,78,5
50,80,5
50,81,13
50,82,9
50,83,2
50,84,2
50,86,1
51,54,20
51,55,13
51,56,12
51,59,18
51,61,11
51,63,16
51,64,2
51,68,7
51,70,10
51,72,17
51,74,17
51,76,2
51,77,2
51,78,7
51,79,13
51,80,1
51,81,18
51,82,15
51,83,20
51,85,8
51,86,11
51,87,20
51,88,16
52,53,4
52,54,2
52,55,13
52,56,12
52,57,4
52,58,4
52,59,1
52,61,19
52,62,8
52,66,4
52,68,17
52,69,18
52,70,7
52,72,1
52,74,16
52,79,7
52,82,20
52,83,1
52,84,18
52,85,14
52,86,11
52,88,13
52,89,6
53,54,1
53,55,8
53,56,6
53,57,20
53,61,17
53,62,10
53,63,7
53,64,8
53,65,10
53,66,7
53,67,14
53,69,14
53,72,12
53,73,9
53,74,8
53,76,5
53,77,10
53,78,14
53,79,11
53,80,18
53,82,4
53,83,11
53,85,13
53,86,15
53,87,9
53,88,5
54,55,11
54,56,15
54,57,15
54,58,18
54,60,20
54,61,5
54,64,8
54,65,15
54,69,11
54,70,5
54,72,4
54,73,4
54,75,3
54,76,8
54,77,12
54,78,18
54,79,5
54,83,4
54,84,16
54,86,19
54,87,3
55,56,3
55,57,6
55,59,6
55,60,8
55,61,18
55,62,1
55,63,12
55,64,8
55,65,15
55,67,16
55,69,2
55,72,3
55,73,11
55,74,17
55,77,15
55,78,17
55,79,6
55,80,7
55,85,10
55,86,18
55,89,15
56,58,12
56,61,11
56,62,11
56,63,4
56,64,15
56,66,9
56,67,14
56,69,8
56,71,9
56,72,11
56,73,7
56,74,1
56,75,18
56,76,19
56,77,4
56,79,3
56,80,1
56,81,19
56,83,9
56,85,15
56,86,1
56,87,2
57,59,19
57,61,13
57,63,4
57,65,16
57,69,6
57,71,10
57,74,18
57,75,10
57,77,19
57,78,18
57,79,16
57,80,3
57,81,7
57,83,16
57,84,5
57,86,13
57,87,9
57,89,3
58,62,15
58,63,17
58,66,13
58,68,5
58,69,7
58,71,4
58,72,11
58,74,14
58,75,17
58,76,6
58,77,17
58,78,20
58,79,10
58,80,6
58,82,20
58,84,12
58,85,9
58,86,11
58,87,10
58,89,14
59,60,5
59,62,13
59,63,12
59,64,18
59,65,16
59,66,2
59,69,13
59,70,20
59,73,16
59,74,16
59,76,10
59,77,9
59,78,4
59,79,4
59,80,19
59,81,4
59,83,18
59,84,5
59,85,4
59,86,1
60,64,2
60,67,7
60,68,5
60,70,12
60,71,15
60,72,2
60,74,6
60,75,5
60,76,13
60,77,12
60,78,1
60,80,4
60,82,7
60,84,6
60,85,4
60,86,16
60,88,8
60,89,12
61,62,3
61,66,5
61,69,1
61,70,16
61,71,3
61,72,12
61,74,9
61,75,19
61,77,5
61,79,19
61,82,13
61,85,9
61,86,2
61,88,17
62,63,3
62,65,16
62,66,11
62,70,1
62,71,16
62,72,6
62,73,10
62,74,9
62,75,10
62,76,17
62,77,11
62,79,4
62,82,20
62,88,11
63,65,1
63,66,9
63,69,2
63,72,18
63,74,17
63,75,3
63,76,10
63,77,3
63,79,15
63,80,6
63,81,13
63,82,4
63,84,19
63,85,6
63,86,15
63,88,9
63,89,19
64,65,20
64,67,7
64,69,13
64,70,10
64,71,17
64,72,13
64,74,12
64,76,17
64,77,2
64,78,5
64,79,12
64,80,8
64,83,19
64,84,14
64,85,6
64,87,5
64,88,6
65,69,12
65,70,2
65,73,20
65,74,4
65,76,11
65,77,18
65,79,1
65,80,14
65,82,15
65,83,2
65,85,2
65,87,20
65,88,8
65,89,16
66,67,16
66,70,4
66,72,4
66,73,10
66,76,1
66,83,5
66,84,13
66,85,16
66,89,14
67,68,19
67,69,5
67,70,4
67,71,16
67,72,14
67,73,16
67,74,8
67,75,16
67,78,12
67,79,11
67,81,20
67,84,11
67,85,6
67,86,15
67,87,9
67,89,7
68,69,11
68,71,6
68,72,9
68,75,5
68,76,20
68,78,12
68,79,13
68,81,2
68,82,19
68,85,20
68,87,14
68,88,5
68,89,8
69,71,14
69,74,1
69,75,9
69,76,12
69,78,3
69,79,18
69,80,1
69,81,4
69,82,14
69,84,14
69,86,6
69,87,4
69,89,14
70,71,1
70,72,8
70,73,9
70,75,13
70,77,18
70,78,19
70,79,16
70,80,15
70,82,14
70,83,18
70,84,2
70,85,8
70,87,10
70,88,8
70,89,12
71,74,2
71,75,3
71,77,10
71,78,10
71,79,6
71,80,16
71,81,13
71,83,18
71,85,20
71,86,10
71,87,19
71,88,13
72,74,16
72,76,12
72,79,20
72,82,20
72,86,20
72,87,8
72,88,5
73,75,20
73,76,9
73,77,13
73,81,17
73,83,18
73,84,20
73,85,11
73,86,5
73,87,1
73,89,5
74,75,19
74,76,14
74,81,8
74,85,20
74,86,15
74,87,15
74,88,6
74,89,9
75,76,1
75,77,2
75,78,15
75,79,16
75,80,16
75,81,1
75,82,10
75,83,7
75,84,14
75,85,3
75,87,7
75,88,7
75,89,11
76,80,20
76,82,8
76,83,18
76,86,2
76,88,11
77,79,13
77,81,5
77,82,19
77,83,12
77,84,1
77,85,18
77,86,20
77,88,4
78,79,19
78,83,14
78,84,12
78,85,8
78,86,20
78,87,19
78,88,17
78,89,18
79,81,20
79,82,13
79,85,15
79,89,3
80,81,10
80,82,12
80,83,2
80,84,5
80,85,8
80,88,13
81,82,13
81,85,2
82,84,19
82,85,13
82,86,2
82,87,12
82,88,10
82,89,8
83,84,19
83,86,16
83,87,8
83,89,14
84,85,3
84,86,3
84,87,5
84,88,11
84,89,13
85,86,11
85,88,15
86,89,1
