0,1,1
0,4,16
0,8,11
0,9,1
0,11,10
0,14,6
0,16,18
0,19,20
0,23,10
0,24,11
0,30,4
0,34,13
0,36,3
0,39,3
0,43,13
0,46,18
0,54,15
0,57,6
0,63,12
0,64,1
0,65,7
0,67,1
0,68,5
0,69,3
0,72,7
0,73,16
0,74,7
0,75,8
0,81,4
0,82,8
0,90,13
0,92,8
0,93,5
0,94,15
0,95,5
0,97,5
0,99,20
0,105,8
0,106,19
0,107,11
0,108,19
0,109,12
0,110,12
0,111,18
0,113,8
0,116,17
0,119,10
0,120,15
0,122,12
0,123,2
0,124,20
0,125,16
0,126,12
0,128,5
0,130,17
0,132,2
0,135,3
0,138,1
0,142,10
0,143,12
0,146,14
0,149,19
0,157,5
0,158,16
1,8,13
1,10,9
1,15,20
1,17,2
1,19,14
1,20,19
1,28,10
1,36,12
1,38,8
1,42,20
1,43,2
1,45,9
1,47,12
1,48,13
1,49,18
1,51,9
1,52,6
1,54,8
1,55,4
1,56,19
1,59,3
1,60,14
1,62,19
1,65,18
1,67,9
1,69,16
1,70,10
1,75,17
1,76,13
1,80,17
1,81,3
1,84,10
1,85,15
1,95,4
1,97,4
1,99,3
1,100,5
1,104,10
1,106,10
1,108,10
1,111,12
1,113,9
1,114,4
1,115,7
1,116,7
1,118,1
1,122,9
1,123,17
1,126,16
1,127,15
1,130,18
1,148,9
1,151,8
1,152,8
1,153,12
1,154,15
1,155,12
1,156,10
1,157,2
1,158,7
2,3,6
2,4,19
2,6,11
2,7,13
2,9,3
2,12,6
2,13,4
2,14,10
2,16,17
2,20,13
2,26,5
2,27,15
2,28,10
2,31,17
2,39,16
2,40,13
2,43,15
2,44,1
2,45,11
2,47,17
2,48,16
2,49,15
2,53,8
2,60,12
2,64,9
2,71,20
2,72,14
2,76,1
2,80,2
2,84,7
2,85,11
2,86,5
2,87,11
2,88,10
2,89,3
2,94,6
2,96,14
2,97,1
2,102,3
2,112,2
2,115,1
2,117,18
2,121,7
2,123,14
2,124,8
2,129,11
2,137,3
2,138,7
2,144,19
2,146,19
2,147,19
2,151,7
2,152,18
2,154,5
3,5,6
3,10,5
3,11,6
3,13,18
3,15,7
3,21,18
3,26,4
3,28,9
3,29,2
3,31,8
3,35,17
3,36,2
3,38,9
3,39,7
3,42,18
3,43,9
3,48,7
3,49,12
3,50,19
3,54,3
3,55,16
3,60,18
3,61,16
3,62,11
3,63,6
3,64,3
3,65,19
3,68,1
3,75,19
3,76,1
3,80,16
3,82,9
3,89,7
3,100,19
3,106,7
3,108,6
3,113,4
3,114,3
3,116,15
3,117,17
3,119,4
3,120,5
3,121,16
3,125,14
3,127,20
3,133,15
3,134,18
3,138,3
3,139,19
3,140,16
3,141,11
3,144,2
3,148,5
3,149,10
3,150,7
3,151,20
3,152,11
3,155,6
3,156,19
3,157,15
4,7,6
4,8,18
4,14,1
4,16,16
4,17,8
4,20,16
4,22,9
4,26,2
4,27,20
4,29,10
4,30,13
4,31,12
4,33,7
4,34,18
4,41,8
4,44,3
4,45,15
4,47,7
4,53,14
4,54,10
4,55,8
4,57,17
4,60,11
4,62,3
4,67,15
4,69,15
4,70,7
4,72,6
4,73,10
4,74,1
4,77,8
4,78,13
4,80,6
4,82,10
4,84,14
4,85,6
4,87,5
4,91,18
4,92,18
4,96,12
4,97,3
4,98,4
4,100,12
4,102,1
4,103,18
4,104,9
4,105,8
4,106,10
4,107,10
4,108,12
4,116,12
4,117,13
4,122,6
4,128,11
4,129,3
4,134,10
4,136,5
4,137,10
4,138,4
4,141,7
4,145,8
4,150,1
4,151,3
4,152,5
4,153,4
4,156,5
4,157,14
5,8,4
5,11,10
5,13,16
5,16,11
5,17,2
5,18,7
5,19,18
5,20,11
5,22,12
5,23,2
5,26,4
5,27,19
5,28,11
5,32,17
5,40,16
5,41,16
5,42,15
5,44,9
5,45,16
5,52,14
5,53,20
5,54,15
5,55,9
5,58,2
5,63,17
5,66,11
5,69,7
5,70,17
5,71,7
5,72,7
5,74,16
5,75,13
5,79,19
5,80,6
5,81,2
5,84,18
5,86,20
5,95,6
5,99,9
5,103,15
5,107,1
5,112,17
5,113,13
5,117,20
5,124,16
5,131,11
5,133,4
5,135,15
5,140,20
5,141,3
5,142,16
5,143,20
5,149,14
5,150,7
5,153,17
5,156,14
6,9,3
6,11,11
6,13,17
6,16,6
6,24,16
6,29,16
6,30,12
6,32,8
6,34,16
6,36,9
6,37,5
6,38,17
6,42,14
6,43,20
6,46,15
6,47,2
6,48,4
6,51,10
6,55,17
6,63,13
6,65,16
6,67,5
6,68,10
6,70,3
6,71,6
6,74,14
6,76,19
6,78,5
6,82,20
6,86,8
6,87,19
6,92,20
6,95,9
6,98,4
6,99,9
6,102,16
6,104,12
6,105,18
6,107,6
6,108,4
6,111,8
6,114,6
6,117,14
6,118,7
6,120,2
6,121,3
6,124,3
6,126,18
6,127,7
6,130,4
6,132,3
6,134,20
6,135,7
6,136,9
6,137,10
6,139,12
6,144,3
6,147,3
6,148,4
6,149,6
6,150,10
6,151,9
6,157,10
7,9,3
7,10,7
7,11,9
7,12,10
7,14,8
7,15,13
7,16,16
7,19,20
7,21,12
7,24,9
7,31,6
7,32,20
7,36,20
7,39,15
7,45,9
7,46,18
7,48,5
7,51,7
7,53,4
7,54,7
7,56,19
7,63,18
7,64,2
7,65,5
7,69,6
7,71,10
7,72,4
7,75,19
7,76,18
7,77,17
7,78,5
7,79,2
7,80,18
7,82,11
7,83,6
7,84,10
7,87,17
7,89,15
7,94,2
7,95,1
7,96,14
7,99,11
7,103,6
7,108,7
7,111,15
7,117,17
7,121,14
7,122,15
7,123,1
7,125,5
7,133,13
7,134,3
7,139,4
7,140,3
7,141,7
7,142,15
7,144,8
7,147,8
7,149,7
7,151,13
7,153,7
7,154,10
7,158,6
7,159,3
8,13,2
8,14,8
8,16,7
8,18,20
8,21,6
8,24,5
8,29,14
8,31,16
8,32,2
8,35,1
8,39,5
8,42,18
8,43,3
8,44,1
8,46,4
8,47,2
8,50,20
8,52,11
8,53,20
8,55,6
8,57,10
8,59,11
8,63,16
8,68,8
8,71,19
8,78,8
8,80,9
8,84,19
8,85,1
8,86,17
8,87,4
8,88,4
8,91,3
8,92,17
8,95,7
8,96,2
8,97,19
8,99,18
8,103,20
8,104,8
8,106,7
8,107,19
8,115,14
8,116,3
8,122,19
8,123,5
8,124,14
8,125,14
8,127,7
8,128,17
8,129,17
8,136,7
8,138,7
8,139,6
8,144,11
8,145,2
8,147,1
8,148,7
8,152,12
9,10,16
9,11,8
9,15,17
9,18,10
9,20,4
9,21,12
9,23,4
9,24,5
9,25,17
9,30,20
9,32,6
9,38,8
9,39,10
9,40,13
9,41,5
9,42,11
9,44,12
9,48,15
9,53,14
9,54,9
9,57,3
9,59,14
9,62,20
9,66,20
9,68,10
9,71,1
9,74,1
9,76,14
9,77,1
9,78,6
9,80,13
9,82,13
9,88,13
9,93,8
9,95,15
9,98,11
9,99,14
9,100,6
9,102,8
9,103,10
9,106,13
9,109,2
9,113,19
9,116,19
9,117,17
9,122,11
9,125,6
9,128,2
9,131,18
9,132,9
9,133,6
9,136,8
9,138,6
9,139,6
9,141,5
9,143,2
9,145,19
9,148,4
9,151,1
9,157,4
9,158,19
9,159,15
10,12,2
10,14,8
10,16,12
10,17,18
10,21,16
10,23,6
10,28,14
10,31,12
10,33,19
10,34,9
10,35,10
10,42,10
10,43,19
10,45,16
10,46,11
10,47,7
10,50,8
10,55,19
10,56,13
10,60,15
10,61,16
10,63,14
10,64,4
10,67,17
10,68,9
10,70,2
10,76,9
10,78,18
10,81,4
10,90,2
10,92,19
10,93,16
10,107,3
10,109,18
10,113,19
10,114,2
10,115,5
10,117,1
10,118,12
10,119,16
10,120,13
10,121,2
10,123,9
10,125,1
10,127,2
10,132,3
10,134,2
10,137,16
10,141,3
10,142,3
10,144,17
10,150,11
10,153,17
10,154,17
10,157,8
11,13,8
11,17,16
11,19,5
11,22,1
11,26,9
11,31,19
11,44,3
11,46,15
11,47,12
11,49,4
11,52,6
11,53,1
11,57,14
11,58,16
11,62,12
11,63,14
11,64,2
11,66,13
11,68,2
11,70,14
11,71,13
11,72,14
11,73,20
11,74,8
11,75,1
11,77,13
11,83,1
11,88,17
11,89,4
11,90,13
11,91,4
11,94,12
11,95,3
11,98,11
11,99,4
11,100,11
11,101,10
11,103,6
11,104,9
11,109,5
11,110,12
11,113,19
11,115,2
11,116,4
11,117,5
11,118,10
11,121,15
11,125,14
11,126,4
11,127,11
11,128,2
11,131,15
11,132,15
11,133,20
11,134,7
11,136,20
11,137,12
11,139,7
11,140,15
11,143,14
11,145,18
11,149,3
11,150,18
11,158,15
11,159,20
12,13,5
12,15,17
12,16,17
12,19,18
12,21,11
12,22,13
12,23,18
12,24,17
12,25,9
12,27,10
12,30,2
12,33,17
12,34,10
12,37,20
12,38,7
12,42,2
12,43,5
12,44,14
12,45,2
12,46,19
12,47,2
12,59,9
12,60,15
12,61,3
12,63,3
12,68,20
12,70,8
12,74,7
12,76,10
12,78,4
12,86,3
12,87,10
12,88,17
12,90,18
12,91,3
12,92,15
12,94,4
12,95,11
12,96,17
12,97,18
12,103,19
12,106,6
12,111,14
12,113,15
12,115,2
12,118,3
12,120,17
12,123,3
12,124,1
12,127,13
12,129,15
12,130,18
12,136,9
12,141,6
12,142,7
12,143,20
12,146,12
12,148,13
12,149,6
12,151,10
12,153,19
12,154,4
12,156,14
12,158,3
12,159,8
13,16,13
13,17,8
13,20,1
13,23,17
13,27,14
13,30,3
13,32,7
13,33,20
13,40,16
13,43,20
13,46,1
13,48,7
13,50,20
13,53,17
13,55,19
13,56,4
13,57,17
13,58,15
13,61,7
13,68,20
13,69,3
13,70,1
13,75,17
13,80,6
13,81,14
13,82,6
13,83,15
13,84,10
13,85,20
13,86,14
13,90,11
13,91,2
13,92,5
13,93,1
13,95,15
13,100,14
13,102,12
13,103,4
13,104,12
13,105,12
13,109,12
13,111,9
13,113,18
13,114,11
13,116,18
13,117,19
13,120,1
13,123,4
13,125,13
13,126,13
13,131,6
13,132,4
13,133,2
13,135,11
13,137,20
13,139,5
13,140,10
13,142,18
13,145,15
13,148,3
13,154,9
13,156,7
13,157,15
13,158,20
14,17,13
14,18,16
14,19,10
14,23,7
14,24,20
14,28,7
14,29,6
14,32,13
14,36,9
14,37,18
14,38,15
14,42,6
14,46,13
14,50,3
14,52,14
14,57,8
14,59,12
14,61,6
14,63,16
14,64,12
14,66,11
14,67,13
14,71,3
14,72,20
14,74,14
14,75,18
14,76,14
14,77,13
14,79,13
14,80,16
14,81,9
14,83,12
14,84,10
14,89,18
14,90,19
14,93,5
14,103,4
14,105,1
14,106,20
14,109,1
14,110,7
14,115,12
14,122,15
14,126,20
14,129,16
14,130,11
14,131,10
14,132,4
14,135,17
14,136,10
14,137,3
14,139,17
14,140,20
14,143,11
14,147,1
14,151,18
14,153,20
14,155,5
15,16,12
15,17,9
15,20,15
15,22,4
15,23,2
15,24,7
15,34,11
15,35,20
15,36,16
15,38,9
15,40,19
15,45,1
15,48,1
15,51,6
15,54,19
15,55,17
15,56,10
15,60,10
15,61,6
15,63,9
15,64,4
15,65,11
15,71,6
15,78,20
15,81,3
15,82,5
15,86,17
15,90,8
15,91,16
15,93,14
15,95,15
15,102,10
15,105,16
15,107,6
15,108,8
15,113,9
15,115,20
15,116,5
15,117,17
15,118,9
15,119,20
15,122,4
15,123,14
15,128,9
15,130,12
15,131,20
15,137,17
15,138,1
15,144,17
15,149,18
15,151,6
15,156,16
15,157,14
15,158,19
16,17,12
16,19,16
16,21,14
16,23,5
16,25,13
16,27,9
16,29,7
16,30,4
16,31,14
16,32,19
16,38,3
16,40,10
16,41,6
16,43,16
16,46,9
16,48,4
16,51,17
16,56,3
16,57,8
16,60,8
16,63,19
16,64,1
16,68,5
16,71,3
16,74,20
16,76,11
16,78,7
16,80,7
16,81,1
16,84,6
16,85,18
16,92,16
16,96,13
16,98,14
16,99,2
16,103,10
16,105,14
16,109,11
16,111,7
16,114,3
16,115,12
16,116,9
16,117,15
16,122,16
16,125,10
16,128,2
16,129,5
16,131,14
16,132,16
16,133,3
16,135,5
16,136,13
16,138,13
16,141,14
16,142,7
16,143,8
16,145,9
16,146,6
16,147,7
16,149,10
16,153,8
16,157,14
16,158,16
17,19,10
17,20,6
17,23,16
17,24,12
17,26,19
17,28,6
17,31,1
17,35,1
17,36,6
17,37,16
17,40,6
17,41,17
17,44,15
17,46,15
17,47,6
17,48,12
17,49,8
17,53,14
17,54,6
17,55,13
17,57,14
17,65,12
17,68,9
17,70,8
17,80,13
17,81,7
17,82,14
17,83,8
17,85,18
17,86,6
17,89,6
17,90,9
17,91,15
17,94,15
17,100,19
17,106,5
17,110,15
17,113,8
17,114,17
17,115,7
17,118,20
17,120,16
17,123,20
17,129,3
17,130,14
17,131,15
17,134,20
17,135,12
17,136,14
17,141,6
17,150,9
17,151,15
17,153,5
17,156,6
17,158,4
18,21,15
18,22,7
18,26,14
18,32,6
18,34,2
18,36,12
18,38,9
18,39,4
18,45,1
18,46,11
18,48,16
18,49,1
18,51,8
18,52,19
18,53,1
18,58,17
18,59,5
18,61,8
18,63,6
18,65,14
18,67,6
18,72,2
18,74,2
18,77,12
18,79,4
18,80,17
18,82,3
18,84,15
18,88,11
18,89,19
18,90,4
18,92,6
18,93,5
18,96,1
18,100,10
18,105,13
18,106,15
18,109,18
18,111,18
18,113,4
18,114,11
18,116,16
18,117,5
18,120,2
18,123,3
18,124,17
18,125,6
18,126,8
18,127,5
18,131,11
18,136,2
18,137,12
18,139,20
18,142,5
18,146,5
18,148,10
18,149,3
18,150,18
18,151,16
18,152,5
19,21,3
19,26,11
19,30,14
19,33,20
19,35,2
19,39,3
19,40,1
19,42,14
19,43,9
19,49,14
19,54,1
19,58,17
19,62,8
19,63,4
19,72,6
19,74,12
19,77,4
19,82,17
19,84,9
19,87,11
19,92,3
19,97,18
19,98,9
19,99,15
19,100,16
19,102,10
19,106,6
19,107,1
19,108,7
19,113,14
19,119,3
19,120,12
19,122,5
19,125,13
19,132,17
19,136,18
19,138,4
19,140,1
19,144,17
19,145,17
19,147,9
19,148,15
19,149,19
19,150,6
19,151,20
19,153,8
19,155,20
19,156,12
20,21,17
20,22,14
20,24,12
20,26,12
20,27,4
20,36,12
20,38,20
20,40,9
20,43,16
20,46,4
20,49,8
20,50,7
20,51,18
20,55,2
20,57,16
20,58,12
20,64,6
20,67,9
20,68,4
20,69,8
20,70,3
20,72,2
20,76,10
20,77,14
20,81,18
20,83,2
20,86,18
20,87,8
20,89,2
20,93,17
20,96,16
20,100,19
20,102,8
20,103,14
20,105,1
20,106,19
20,112,17
20,118,9
20,120,18
20,122,7
20,126,9
20,128,8
20,133,17
20,139,6
20,142,20
20,143,3
20,145,4
20,147,6
20,148,14
20,152,2
20,154,18
20,156,7
20,157,2
20,158,13
21,22,4
21,23,8
21,28,14
21,29,16
21,30,4
21,31,12
21,32,8
21,41,19
21,43,9
21,44,20
21,45,15
21,47,6
21,50,9
21,51,12
21,57,8
21,59,6
21,60,1
21,62,18
21,63,2
21,67,11
21,68,15
21,71,19
21,73,8
21,75,9
21,79,5
21,84,15
21,85,18
21,86,7
21,88,1
21,89,10
21,91,9
21,92,3
21,93,13
21,100,3
21,102,2
21,105,2
21,107,19
21,109,10
21,110,4
21,112,6
21,113,13
21,116,20
21,117,18
21,118,8
21,119,6
21,123,11
21,124,5
21,126,16
21,129,11
21,131,2
21,132,13
21,134,8
21,135,4
21,137,2
21,138,10
21,140,19
21,142,20
21,147,8
21,150,9
21,151,2
21,153,19
21,155,12
22,24,15
22,30,7
22,32,8
22,33,11
22,35,6
22,37,11
22,40,17
22,43,11
22,44,7
22,46,16
22,47,20
22,48,6
22,49,16
22,51,1
22,53,10
22,56,9
22,59,5
22,60,14
22,61,20
22,62,9
22,67,14
22,69,3
22,70,12
22,72,9
22,73,8
22,75,10
22,77,17
22,78,7
22,80,10
22,81,17
22,86,19
22,88,16
22,89,7
22,93,12
22,94,10
22,98,14
22,103,16
22,104,1
22,108,9
22,115,4
22,119,1
22,127,8
22,131,7
22,132,3
22,133,12
22,136,9
22,137,12
22,139,7
22,141,13
22,144,7
22,148,14
22,150,12
22,151,1
22,154,18
22,155,11
22,157,18
23,24,16
23,26,15
23,30,5
23,33,15
23,34,11
23,40,10
23,42,4
23,45,10
23,46,14
23,54,11
23,56,6
23,58,9
23,62,20
23,69,2
23,73,4
23,74,14
23,75,8
23,76,19
23,78,10
23,79,11
23,81,13
23,85,12
23,90,14
23,92,13
23,99,12
23,100,12
23,101,15
23,103,3
23,107,13
23,108,10
23,110,15
23,111,12
23,118,15
23,119,17
23,122,4
23,124,11
23,127,4
23,128,19
23,129,15
23,139,11
23,143,9
23,146,1
23,149,17
23,150,11
23,152,19
23,153,17
23,154,19
23,159,16
24,25,8
24,29,19
24,31,14
24,33,11
24,40,15
24,44,12
24,46,5
24,47,17
24,53,7
24,56,16
24,62,1
24,64,14
24,68,7
24,70,8
24,80,14
24,81,10
24,83,15
24,85,12
24,86,12
24,87,14
24,90,16
24,92,15
24,100,18
24,102,15
24,103,9
24,108,12
24,109,9
24,110,6
24,118,9
24,119,20
24,127,16
24,129,8
24,133,20
24,135,1
24,140,1
24,146,1
24,147,3
24,158,14
25,30,6
25,31,15
25,32,15
25,34,20
25,37,15
25,38,4
25,41,4
25,42,18
25,43,9
25,44,7
25,53,4
25,57,1
25,61,17
25,62,4
25,63,9
25,65,15
25,66,5
25,67,11
25,68,6
25,71,3
25,72,5
25,73,8
25,75,12
25,76,7
25,79,15
25,81,8
25,84,9
25,87,16
25,90,9
25,93,20
25,95,2
25,97,20
25,105,6
25,107,1
25,115,12
25,116,16
25,117,5
25,118,1
25,119,20
25,122,8
25,123,4
25,127,13
25,129,7
25,132,10
25,135,11
25,137,9
25,139,19
25,143,10
25,148,9
25,150,15
25,151,17
25,152,9
25,154,16
25,155,17
25,156,14
26,27,19
26,28,15
26,30,6
26,31,6
26,33,6
26,34,2
26,39,2
26,42,5
26,44,13
26,45,14
26,47,20
26,49,20
26,56,9
26,61,11
26,62,11
26,69,18
26,71,6
26,72,17
26,77,3
26,79,8
26,80,16
26,81,12
26,84,19
26,87,10
26,91,1
26,94,7
26,95,4
26,97,15
26,102,17
26,107,1
26,108,4
26,112,2
26,116,1
26,119,12
26,120,18
26,121,12
26,122,13
26,126,11
26,128,5
26,134,15
26,135,11
26,136,15
26,137,10
26,138,10
26,140,12
26,142,2
26,143,15
26,144,6
26,145,16
26,146,14
26,147,19
26,148,13
26,149,18
26,150,11
26,151,1
26,152,5
26,153,12
26,154,2
26,155,8
26,157,6
26,158,14
26,159,2
27,29,7
27,30,13
27,37,7
27,38,18
27,43,6
27,46,18
27,51,1
27,56,12
27,58,16
27,62,15
27,69,12
27,71,13
27,76,5
27,77,11
27,80,6
27,81,15
27,82,7
27,83,15
27,84,10
27,85,1
27,86,11
27,87,9
27,93,19
27,94,1
27,96,3
27,99,7
27,107,6
27,109,15
27,110,1
27,111,13
27,113,19
27,114,2
27,115,18
27,118,20
27,121,4
27,123,9
27,125,9
27,134,15
27,138,12
27,143,18
27,145,12
27,146,2
27,153,15
27,157,10
28,29,4
28,33,9
28,34,11
28,38,6
28,44,1
28,47,13
28,48,2
28,49,19
28,52,6
28,54,1
28,57,17
28,58,8
28,60,8
28,64,15
28,66,20
28,70,19
28,73,18
28,76,14
28,83,20
28,86,20
28,87,8
28,94,6
28,98,19
28,102,18
28,103,6
28,104,2
28,105,17
28,109,8
28,110,5
28,112,13
28,114,20
28,115,16
28,117,1
28,118,17
28,122,5
28,124,14
28,126,19
28,127,10
28,130,8
28,131,20
28,133,11
28,134,2
28,136,9
28,137,20
28,139,18
28,142,19
28,143,4
28,146,5
28,151,19
28,152,5
28,154,2
28,156,19
28,159,7
29,31,16
29,32,14
29,35,8
29,39,17
29,40,11
29,42,4
29,45,17
29,50,8
29,52,14
29,53,14
29,55,4
29,56,11
29,62,3
29,67,12
29,68,20
29,69,11
29,70,8
29,71,5
29,74,14
29,79,6
29,80,11
29,83,18
29,84,4
29,86,15
29,87,10
29,89,8
29,90,5
29,91,13
29,92,7
29,93,6
29,94,19
29,95,14
29,96,14
29,98,9
29,101,13
29,102,4
29,104,5
29,105,14
29,106,8
29,109,17
29,117,18
29,118,3
29,119,17
29,122,5
29,123,1
29,126,5
29,129,15
29,130,14
29,135,19
29,142,18
29,143,1
29,149,18
29,150,9
29,151,2
29,152,5
29,153,2
29,154,18
29,156,6
29,157,8
29,158,8
29,159,18
30,31,4
30,32,2
30,33,16
30,34,2
30,36,9
30,39,4
30,42,11
30,48,2
30,51,4
30,53,19
30,54,20
30,58,10
30,61,1
30,63,9
30,64,20
30,66,3
30,67,7
30,68,8
30,69,14
30,70,1
30,72,18
30,75,8
30,76,6
30,77,12
30,78,3
30,79,20
30,83,18
30,84,17
30,86,15
30,88,12
30,90,1
30,91,13
30,92,15
30,94,11
30,97,10
30,100,16
30,102,13
30,104,11
30,105,1
30,108,8
30,111,12
30,112,5
30,114,7
30,116,5
30,119,14
30,121,8
30,122,5
30,125,14
30,127,16
30,128,9
30,130,16
30,138,5
30,139,19
30,141,19
30,143,3
30,144,13
30,145,17
30,146,13
30,148,6
30,150,11
30,152,14
30,155,14
30,159,20
31,33,5
31,34,18
31,37,13
31,38,12
31,41,15
31,43,9
31,46,17
31,48,6
31,51,1
31,54,16
31,56,19
31,58,8
31,60,12
31,61,10
31,63,10
31,65,16
31,68,6
31,69,19
31,70,15
31,73,4
31,76,20
31,79,3
31,82,1
31,85,19
31,86,19
31,87,14
31,89,16
31,90,13
31,93,5
31,94,19
31,96,16
31,102,5
31,103,8
31,106,9
31,108,4
31,109,4
31,111,10
31,114,17
31,118,13
31,121,2
31,122,11
31,123,2
31,126,4
31,128,18
31,130,11
31,135,19
31,138,3
31,139,5
31,144,10
31,145,12
31,148,7
31,149,6
31,151,9
31,157,17
31,158,7
32,33,2
32,37,12
32,38,20
32,39,9
32,40,18
32,41,20
32,42,12
32,48,5
32,49,8
32,52,12
32,55,9
32,57,7
32,62,5
32,69,15
32,80,10
32,83,5
32,85,4
32,86,10
32,87,19
32,95,15
32,96,9
32,97,1
32,102,16
32,103,7
32,104,12
32,106,4
32,110,10
32,112,10
32,114,13
32,115,5
32,116,16
32,120,3
32,125,14
32,126,7
32,128,10
32,129,18
32,130,19
32,134,3
32,135,7
32,141,9
32,146,16
32,148,19
32,150,9
32,153,3
32,154,10
32,157,7
32,159,2
33,34,17
33,35,1
33,37,6
33,38,6
33,39,20
33,43,16
33,45,13
33,50,20
33,52,5
33,54,3
33,55,4
33,56,9
33,61,10
33,66,14
33,70,19
33,73,5
33,75,11
33,78,2
33,87,7
33,91,17
33,92,4
33,93,5
33,94,3
33,95,4
33,96,17
33,97,14
33,98,7
33,102,17
33,103,15
33,107,3
33,111,15
33,115,9
33,121,1
33,122,10
33,123,14
33,124,10
33,125,2
33,126,9
33,129,14
33,130,16
33,132,8
33,135,17
33,137,10
33,140,7
33,141,13
33,145,1
33,147,1
33,149,13
33,154,2
33,158,12
34,35,17
34,36,2
34,37,18
34,41,8
34,46,19
34,47,14
34,48,12
34,49,19
34,52,20
34,57,6
34,58,10
34,59,13
34,61,19
34,63,16
34,66,18
34,67,8
34,68,17
34,71,10
34,73,19
34,78,18
34,79,13
34,82,8
34,87,9
34,88,17
34,89,13
34,91,18
34,92,1
34,94,13
34,95,6
34,97,19
34,99,18
34,100,2
34,102,1
34,103,6
34,105,5
34,106,2
34,107,19
34,108,4
34,109,20
34,112,5
34,114,4
34,116,2
34,117,3
34,119,13
34,121,2
34,124,13
34,128,15
34,129,19
34,132,3
34,133,8
34,137,12
34,138,9
34,142,12
34,144,11
34,145,10
34,146,15
34,157,20
34,158,16
35,36,18
35,45,8
35,47,6
35,54,5
35,57,18
35,62,1
35,64,13
35,67,5
35,68,4
35,76,6
35,78,15
35,79,12
35,84,2
35,85,11
35,88,5
35,90,8
35,93,3
35,95,18
35,97,14
35,100,17
35,101,3
35,102,2
35,107,2
35,108,16
35,109,6
35,110,4
35,113,7
35,115,15
35,117,5
35,124,17
35,127,9
35,132,18
35,137,11
35,141,9
35,143,5
35,145,2
35,146,4
35,149,5
35,151,12
35,152,14
35,155,13
35,156,14
35,157,13
35,158,2
36,41,17
36,45,8
36,47,6
36,48,11
36,51,2
36,54,11
36,58,14
36,61,14
36,62,7
36,64,12
36,68,12
36,70,5
36,74,14
36,76,8
36,82,18
36,83,8
36,87,15
36,90,17
36,91,16
36,94,8
36,95,11
36,97,18
36,105,8
36,108,14
36,109,18
36,112,2
36,113,3
36,114,6
36,116,13
36,122,13
36,125,11
36,126,10
36,127,11
36,129,8
36,134,20
36,136,1
36,139,4
36,141,6
36,142,5
36,143,1
36,145,4
36,146,13
36,150,11
36,155,15
36,157,14
37,38,5
37,40,14
37,41,14
37,42,13
37,46,15
37,48,3
37,50,16
37,53,14
37,54,9
37,56,4
37,57,4
37,58,14
37,61,3
37,62,8
37,64,9
37,65,2
37,67,7
37,69,3
37,74,11
37,77,17
37,78,2
37,83,12
37,86,20
37,89,9
37,90,6
37,91,11
37,93,4
37,94,10
37,97,12
37,98,1
37,102,16
37,106,13
37,107,9
37,116,3
37,118,2
37,121,18
37,122,17
37,123,4
37,125,17
37,127,18
37,128,12
37,131,10
37,139,18
37,141,15
37,143,3
37,146,13
37,150,1
37,152,2
37,153,20
37,154,18
37,155,5
37,157,7
37,159,20
38,39,12
38,40,1
38,41,3
38,42,18
38,43,7
38,45,6
38,48,8
38,50,8
38,51,16
38,53,18
38,55,19
38,56,13
38,57,6
38,59,3
38,62,2
38,68,6
38,71,3
38,72,8
38,73,7
38,75,13
38,77,18
38,79,2
38,82,5
38,87,11
38,90,13
38,92,20
38,94,8
38,97,13
38,99,12
38,101,6
38,103,12
38,108,6
38,112,4
38,113,4
38,117,1
38,118,17
38,120,19
38,121,2
38,123,11
38,124,2
38,127,7
38,128,15
38,129,14
38,130,7
38,135,7
38,137,13
38,142,11
38,143,2
38,145,8
38,146,8
38,149,3
38,150,6
38,154,2
38,157,10
38,158,18
38,159,20
39,40,17
39,45,9
39,50,19
39,51,9
39,52,18
39,55,2
39,57,19
39,63,6
39,64,6
39,67,10
39,68,2
39,70,6
39,71,10
39,72,20
39,73,16
39,74,16
39,76,8
39,82,15
39,85,19
39,86,20
39,89,3
39,95,3
39,96,13
39,98,8
39,100,10
39,101,9
39,102,18
39,105,10
39,107,20
39,114,18
39,115,15
39,118,9
39,121,3
39,124,13
39,125,20
39,130,1
39,134,3
39,135,17
39,136,9
39,138,10
39,142,13
39,143,5
39,144,8
39,148,10
39,150,11
39,156,18
39,158,14
40,45,12
40,48,13
40,51,6
40,52,18
40,53,5
40,54,3
40,60,20
40,61,10
40,64,3
40,67,5
40,68,5
40,69,7
40,70,12
40,71,10
40,72,7
40,77,13
40,79,4
40,81,18
40,82,16
40,87,5
40,88,12
40,89,2
40,91,7
40,93,5
40,97,16
40,98,7
40,99,16
40,110,14
40,113,11
40,115,4
40,117,4
40,118,2
40,121,19
40,128,18
40,129,14
40,133,9
40,134,3
40,135,4
40,138,4
40,141,12
40,142,4
40,144,17
40,150,18
40,151,5
40,152,10
40,153,12
40,155,15
40,158,18
41,44,15
41,49,18
41,50,4
41,51,15
41,52,17
41,57,16
41,64,1
41,69,15
41,70,18
41,72,8
41,74,2
41,83,16
41,84,1
41,86,3
41,87,12
41,88,18
41,90,8
41,91,4
41,93,17
41,94,6
41,100,1
41,105,2
41,116,13
41,120,20
41,121,8
41,123,13
41,125,11
41,126,5
41,138,11
41,139,9
41,142,10
41,143,20
41,146,13
41,147,11
41,149,12
41,150,15
41,151,13
41,154,7
41,155,20
41,156,16
41,157,20
42,43,11
42,44,12
42,45,19
42,48,17
42,49,3
42,50,8
42,51,10
42,52,17
42,53,11
42,54,10
42,57,7
42,59,16
42,61,16
42,62,14
42,63,12
42,66,13
42,72,17
42,74,16
42,76,17
42,78,10
42,85,13
42,89,4
42,90,8
42,92,6
42,93,9
42,95,9
42,97,1
42,100,2
42,103,15
42,106,4
42,108,16
42,109,3
42,110,8
42,111,14
42,112,6
42,113,7
42,115,11
42,117,1
42,120,1
42,122,8
42,123,14
42,126,11
42,127,8
42,128,15
42,129,20
42,131,15
42,132,6
42,133,6
42,136,9
42,139,4
42,143,3
42,146,4
42,148,12
42,149,9
42,156,18
42,159,5
43,46,3
43,52,17
43,53,1
43,56,4
43,59,10
43,60,8
43,62,2
43,65,10
43,69,4
43,71,7
43,72,7
43,75,3
43,77,15
43,83,15
43,84,13
43,87,4
43,88,3
43,89,11
43,90,4
43,91,18
43,93,8
43,94,13
43,95,15
43,98,16
43,99,15
43,106,4
43,109,1
43,110,11
43,114,1
43,118,12
43,119,20
43,123,6
43,127,20
43,128,14
43,129,8
43,133,4
43,135,6
43,137,7
43,140,7
43,141,16
43,145,3
43,149,16
43,155,9
43,157,18
43,158,20
44,46,3
44,47,15
44,50,5
44,51,18
44,53,10
44,61,11
44,64,4
44,67,4
44,69,14
44,72,7
44,75,7
44,81,7
44,83,13
44,84,13
44,89,18
44,90,12
44,94,18
44,95,2
44,96,6
44,97,2
44,99,8
44,105,15
44,106,10
44,107,2
44,108,11
44,109,14
44,110,8
44,115,10
44,117,8
44,120,6
44,122,16
44,124,14
44,127,1
44,130,16
44,131,3
44,132,11
44,138,13
44,139,3
44,141,6
44,142,8
44,146,18
44,151,4
44,158,11
45,52,14
45,53,13
45,60,5
45,61,14
45,63,7
45,65,13
45,67,14
45,73,7
45,74,11
45,76,20
45,80,7
45,83,5
45,84,10
45,93,4
45,95,9
45,97,13
45,100,3
45,102,3
45,104,12
45,106,12
45,109,4
45,112,14
45,113,7
45,117,9
45,123,11
45,124,17
45,128,18
45,129,19
45,131,2
45,133,12
45,134,16
45,135,15
45,136,17
45,137,12
45,139,12
45,140,17
45,142,7
45,143,10
45,146,7
45,147,17
45,151,3
45,152,17
45,153,10
45,154,17
45,155,18
45,157,5
46,48,6
46,55,12
46,56,10
46,57,3
46,58,6
46,60,3
46,61,5
46,64,16
46,66,18
46,69,20
46,72,9
46,75,19
46,76,14
46,78,1
46,81,19
46,83,19
46,84,6
46,87,5
46,95,5
46,99,13
46,101,20
46,103,19
46,104,20
46,106,20
46,107,6
46,108,20
46,113,11
46,114,11
46,115,9
46,118,16
46,119,19
46,120,17
46,122,9
46,129,17
46,131,5
46,132,10
46,133,15
46,134,1
46,137,16
46,138,1
46,139,19
46,143,9
46,146,9
46,149,14
46,156,4
46,157,13
47,48,2
47,50,2
47,52,9
47,53,18
47,59,17
47,61,6
47,67,6
47,75,6
47,76,2
47,77,12
47,81,5
47,82,3
47,84,11
47,86,16
47,89,10
47,90,14
47,91,11
47,92,4
47,97,12
47,98,6
47,100,6
47,101,5
47,104,6
47,107,17
47,108,15
47,109,2
47,113,16
47,114,12
47,115,6
47,117,9
47,120,19
47,122,4
47,124,17
47,125,12
47,126,9
47,131,5
47,139,1
47,141,19
47,145,9
47,146,1
47,147,6
47,148,16
47,150,2
47,153,15
47,155,2
47,156,12
47,158,4
47,159,10
48,53,15
48,55,13
48,57,16
48,59,12
48,62,7
48,64,3
48,66,18
48,68,1
48,69,2
48,70,5
48,72,3
48,73,1
48,76,9
48,79,4
48,81,9
48,82,4
48,84,18
48,96,3
48,99,12
48,101,18
48,102,9
48,105,5
48,107,19
48,113,15
48,114,17
48,115,1
48,126,4
48,129,11
48,135,18
48,136,13
48,138,4
48,139,9
48,140,12
48,143,7
48,148,19
48,149,11
48,153,17
48,155,12
49,59,15
49,60,1
49,63,15
49,64,20
49,65,15
49,66,17
49,71,14
49,73,2
49,74,19
49,80,9
49,82,11
49,83,2
49,87,16
49,88,10
49,90,1
49,91,14
49,92,14
49,94,1
49,98,10
49,99,9
49,100,7
49,101,10
49,102,18
49,103,2
49,107,7
49,111,14
49,115,14
49,117,14
49,119,3
49,122,17
49,125,11
49,127,10
49,130,8
49,131,10
49,134,9
49,140,20
49,144,20
49,151,20
49,157,18
49,158,16
49,159,3
50,51,2
50,52,4
50,53,7
50,56,3
50,63,19
50,64,2
50,65,6
50,66,13
50,69,19
50,71,13
50,72,17
50,73,6
50,74,17
50,77,3
50,78,6
50,87,8
50,88,2
50,89,19
50,91,12
50,92,16
50,99,8
50,101,7
50,104,5
50,109,15
50,114,17
50,115,1
50,117,7
50,121,15
50,122,19
50,125,13
50,127,17
50,129,13
50,132,13
50,133,19
50,134,5
50,137,10
50,140,20
50,143,3
50,145,7
50,148,16
50,149,10
50,153,16
50,158,2
50,159,1
51,54,14
51,56,13
51,62,5
51,64,10
51,65,9
51,67,18
51,69,15
51,72,2
51,75,12
51,78,17
51,79,7
51,80,10
51,84,5
51,85,11
51,88,19
51,89,3
51,90,4
51,91,10
51,92,12
51,93,3
51,95,11
51,97,15
51,98,7
51,100,1
51,102,11
51,106,16
51,108,12
51,109,20
51,110,14
51,111,14
51,116,16
51,117,1
51,119,8
51,120,17
51,122,18
51,127,2
51,128,10
51,129,14
51,131,4
51,134,1
51,137,3
51,140,16
51,151,17
51,152,18
51,155,6
51,158,15
52,55,5
52,60,11
52,61,12
52,66,5
52,67,11
52,68,2
52,76,2
52,78,10
52,80,3
52,82,19
52,84,5
52,85,12
52,86,14
52,87,10
52,89,8
52,93,11
52,95,12
52,97,16
52,100,7
52,104,16
52,105,11
52,106,20
52,108,6
52,109,20
52,110,10
52,113,12
52,114,1
52,116,8
52,118,11
52,121,11
52,123,6
52,124,3
52,128,6
52,134,14
52,135,17
52,137,19
52,140,1
52,147,11
52,149,2
52,150,10
52,151,5
52,155,8
52,156,11
52,157,15
52,158,20
52,159,4
53,54,14
53,69,7
53,73,18
53,77,9
53,79,1
53,81,7
53,82,4
53,83,6
53,84,6
53,86,11
53,89,12
53,96,19
53,97,18
53,98,4
53,99,12
53,100,13
53,103,15
53,109,4
53,112,20
53,113,9
53,114,12
53,115,13
53,116,15
53,118,1
53,119,14
53,123,8
53,127,16
53,132,20
53,133,10
53,136,10
53,139,7
53,140,10
53,142,19
53,147,13
53,148,9
53,152,3
53,154,19
53,157,18
53,158,14
53,159,18
54,55,7
54,56,4
54,58,16
54,60,2
54,61,16
54,70,3
54,71,16
54,72,12
54,78,19
54,80,15
54,88,4
54,89,7
54,90,14
54,91,17
54,94,16
54,95,2
54,98,16
54,101,15
54,102,19
54,106,1
54,115,18
54,119,14
54,123,16
54,126,16
54,128,13
54,131,18
54,133,6
54,136,12
54,138,1
54,140,9
54,144,19
54,145,9
54,146,9
54,149,19
54,150,2
54,153,1
54,154,9
54,156,16
55,57,4
55,58,16
55,59,18
55,60,5
55,62,8
55,63,10
55,67,18
55,73,20
55,74,6
55,81,3
55,85,10
55,87,6
55,88,5
55,93,9
55,95,16
55,97,6
55,99,15
55,102,13
55,103,7
55,104,10
55,105,16
55,106,12
55,107,18
55,109,20
55,120,6
55,122,18
55,123,11
55,124,10
55,125,9
55,131,19
55,134,8
55,139,8
55,142,19
55,143,11
55,146,9
55,147,2
55,155,11
56,57,19
56,58,7
56,61,13
56,76,6
56,77,13
56,78,5
56,80,4
56,81,13
56,84,3
56,85,8
56,88,12
56,89,11
56,91,4
56,93,20
56,94,3
56,97,4
56,99,9
56,100,14
56,102,4
56,103,20
56,105,12
56,107,2
56,109,7
56,112,11
56,114,20
56,115,10
56,121,13
56,123,8
56,129,9
56,131,19
56,132,11
56,134,4
56,135,4
56,137,14
56,138,10
56,141,9
56,144,10
56,146,19
56,148,18
56,150,17
56,151,16
56,152,1
56,153,1
56,157,10
56,159,6
57,59,16
57,64,17
57,66,17
57,67,8
57,68,17
57,72,20
57,73,5
57,74,12
57,75,20
57,76,2
57,79,7
57,81,5
57,82,13
57,84,12
57,87,20
57,89,20
57,90,16
57,95,9
57,97,5
57,99,18
57,102,12
57,104,18
57,108,6
57,111,19
57,112,16
57,113,2
57,116,15
57,118,14
57,121,9
57,122,12
57,123,19
57,127,5
57,129,3
57,134,1
57,140,19
57,142,13
57,151,19
57,153,2
57,154,18
57,156,16
57,159,20
58,59,19
58,60,3
58,62,6
58,64,1
58,66,2
58,67,15
58,68,11
58,69,10
58,71,15
58,73,20
58,74,12
58,75,3
58,78,9
58,79,16
58,80,10
58,81,10
58,83,3
58,86,15
58,87,5
58,91,11
58,95,2
58,98,4
58,101,6
58,102,17
58,107,13
58,108,17
58,109,13
58,113,2
58,114,9
58,115,3
58,116,17
58,119,20
58,122,20
58,123,9
58,129,2
58,130,19
58,133,17
58,134,12
58,145,4
58,147,12
58,148,10
58,150,20
58,159,5
59,64,19
59,66,10
59,67,2
59,69,7
59,71,9
59,73,7
59,75,17
59,77,16
59,86,13
59,91,19
59,94,7
59,95,12
59,96,13
59,101,19
59,102,19
59,103,10
59,106,4
59,107,16
59,109,6
59,110,5
59,111,19
59,114,9
59,115,19
59,116,19
59,120,13
59,121,6
59,124,3
59,125,10
59,126,2
59,127,3
59,131,12
59,135,13
59,136,17
59,138,20
59,141,7
59,142,8
59,144,20
59,145,16
59,147,16
59,149,16
59,150,2
59,154,7
59,155,20
59,159,5
60,61,17
60,62,19
60,63,3
60,64,16
60,65,6
60,67,14
60,74,7
60,75,1
60,77,6
60,82,14
60,85,17
60,86,16
60,87,16
60,90,8
60,91,1
60,92,12
60,95,15
60,97,11
60,101,5
60,102,12
60,104,9
60,112,17
60,113,2
60,114,4
60,116,8
60,117,15
60,120,13
60,122,11
60,124,2
60,127,12
60,128,14
60,129,16
60,132,13
60,135,3
60,137,3
60,139,5
60,142,20
60,143,16
60,148,12
60,150,17
60,153,15
60,155,9
60,156,19
60,157,6
61,66,5
61,67,11
61,68,3
61,72,17
61,74,11
61,75,20
61,80,20
61,83,12
61,84,19
61,85,8
61,86,2
61,87,16
61,88,20
61,90,20
61,91,17
61,92,7
61,95,3
61,96,17
61,97,10
61,98,5
61,102,11
61,103,16
61,109,7
61,110,5
61,114,5
61,115,13
61,118,1
61,131,1
61,132,4
61,140,17
61,143,8
61,144,1
61,146,10
61,150,8
61,151,5
61,155,4
61,156,20
61,159,11
62,63,4
62,65,10
62,68,5
62,70,1
62,72,8
62,75,5
62,77,7
62,79,16
62,80,7
62,81,8
62,83,3
62,84,1
62,89,19
62,91,6
62,95,10
62,97,7
62,99,17
62,100,9
62,102,17
62,109,10
62,110,12
62,111,3
62,115,10
62,116,12
62,117,17
62,120,9
62,132,13
62,134,20
62,137,19
62,138,16
62,139,7
62,140,7
62,141,19
62,142,6
62,147,6
62,155,17
62,157,3
62,159,15
63,64,12
63,65,7
63,66,4
63,69,12
63,70,20
63,72,16
63,74,16
63,75,16
63,76,20
63,78,9
63,79,13
63,82,15
63,84,11
63,85,13
63,88,10
63,92,12
63,104,2
63,105,10
63,107,6
63,110,11
63,112,1
63,115,3
63,116,2
63,117,7
63,126,8
63,127,9
63,132,15
63,135,3
63,137,6
63,138,15
63,139,12
63,141,11
63,142,16
63,144,2
63,145,20
63,148,5
63,151,4
63,152,1
63,155,14
63,156,1
63,158,16
64,65,15
64,74,18
64,78,4
64,80,5
64,86,16
64,87,9
64,90,18
64,93,8
64,94,15
64,96,7
64,99,15
64,105,17
64,106,18
64,109,19
64,111,7
64,114,18
64,121,6
64,122,2
64,123,6
64,126,2
64,127,11
64,128,18
64,130,8
64,131,19
64,132,3
64,133,14
64,135,14
64,136,2
64,137,11
64,142,17
64,144,6
64,145,16
64,148,10
64,150,20
64,153,8
64,154,15
64,157,1
65,66,1
65,68,12
65,70,20
65,77,3
65,78,20
65,81,5
65,88,12
65,93,16
65,94,12
65,95,2
65,96,16
65,97,13
65,101,16
65,102,5
65,104,17
65,105,17
65,113,2
65,118,13
65,121,4
65,122,14
65,124,6
65,128,7
65,130,9
65,132,12
65,134,5
65,136,1
65,138,10
65,148,12
65,150,12
65,152,3
65,154,11
65,156,12
66,67,8
66,70,15
66,72,16
66,74,1
66,75,12
66,80,5
66,83,7
66,87,18
66,89,10
66,95,4
66,96,15
66,98,15
66,99,1
66,100,19
66,102,2
66,104,7
66,106,5
66,107,8
66,108,20
66,109,19
66,113,19
66,116,6
66,119,15
66,121,16
66,129,11
66,130,4
66,132,5
66,134,8
66,135,6
66,136,5
66,138,1
66,146,1
66,147,17
66,150,8
66,152,13
66,153,20
66,154,5
66,156,13
66,158,18
67,68,13
67,69,20
67,70,20
67,74,11
67,75,5
67,77,14
67,80,16
67,82,8
67,84,8
67,92,20
67,94,13
67,95,14
67,99,16
67,101,18
67,107,17
67,108,6
67,111,4
67,112,18
67,115,1
67,117,10
67,120,12
67,121,1
67,122,15
67,124,15
67,131,20
67,138,13
67,140,18
67,143,15
67,148,19
67,150,7
67,153,11
67,155,6
67,156,18
68,69,20
68,71,18
68,75,16
68,76,7
68,78,14
68,79,10
68,83,11
68,85,10
68,87,15
68,90,19
68,93,15
68,94,4
68,98,8
68,99,5
68,100,3
68,101,7
68,103,17
68,108,10
68,110,18
68,112,8
68,113,10
68,115,2
68,117,11
68,118,14
68,119,12
68,122,15
68,124,19
68,125,14
68,127,4
68,130,1
68,132,2
68,137,20
68,140,6
68,141,1
68,143,3
68,147,18
68,150,18
68,151,8
68,153,3
68,154,6
69,70,14
69,75,9
69,76,5
69,81,17
69,83,4
69,84,11
69,88,1
69,89,14
69,90,11
69,96,9
69,97,6
69,99,12
69,105,6
69,106,6
69,107,12
69,110,13
69,111,13
69,112,17
69,119,2
69,120,9
69,129,6
69,130,14
69,131,13
69,132,10
69,140,19
69,144,4
69,145,1
69,146,11
69,148,15
69,152,15
69,154,4
69,158,14
69,159,15
70,71,18
70,74,14
70,75,16
70,78,16
70,80,8
70,81,18
70,83,18
70,85,13
70,86,12
70,87,4
70,92,19
70,94,14
70,96,3
70,98,5
70,99,3
70,105,15
70,106,2
70,107,11
70,109,1
70,110,6
70,111,5
70,114,2
70,124,7
70,128,16
70,134,1
70,135,12
70,136,8
70,138,1
70,141,9
70,144,9
70,146,14
70,151,18
70,152,15
70,154,6
70,156,1
70,158,12
71,74,15
71,76,20
71,78,3
71,79,12
71,80,17
71,82,4
71,87,7
71,88,12
71,91,13
71,92,3
71,96,15
71,97,6
71,102,20
71,105,15
71,106,5
71,107,1
71,108,18
71,110,1
71,111,11
71,114,10
71,116,12
71,117,15
71,122,15
71,124,8
71,125,13
71,129,9
71,135,18
71,137,16
71,139,14
71,143,6
71,145,9
71,146,2
71,148,18
71,150,4
71,155,16
71,156,4
71,159,6
72,73,6
72,74,7
72,76,2
72,78,15
72,85,2
72,86,20
72,87,14
72,89,15
72,93,12
72,95,14
72,97,10
72,101,7
72,103,2
72,104,8
72,106,11
72,109,8
72,110,11
72,112,19
72,114,6
72,115,19
72,119,15
72,125,13
72,126,16
72,129,2
72,130,5
72,131,1
72,138,5
72,139,5
72,140,2
72,141,16
72,142,9
72,145,14
72,151,18
72,152,18
72,156,16
72,157,18
72,158,8
73,74,1
73,75,17
73,77,18
73,92,1
73,97,14
73,98,17
73,103,5
73,107,1
73,111,6
73,112,19
73,113,5
73,114,11
73,115,8
73,116,5
73,117,5
73,118,7
73,122,1
73,124,4
73,128,15
73,129,6
73,135,6
73,138,8
73,139,20
73,141,14
73,144,17
73,149,18
73,151,4
73,153,12
73,156,6
73,157,17
73,159,5
74,76,16
74,77,15
74,82,4
74,85,19
74,86,2
74,87,4
74,91,11
74,92,9
74,94,5
74,95,2
74,102,15
74,106,16
74,107,20
74,110,8
74,111,13
74,112,11
74,116,9
74,117,2
74,119,14
74,121,11
74,122,4
74,127,13
74,129,14
74,130,5
74,131,9
74,132,2
74,133,15
74,136,9
74,137,13
74,143,3
74,146,1
74,147,16
74,152,19
74,156,9
74,157,1
74,158,2
75,81,14
75,84,9
75,86,11
75,89,4
75,91,19
75,92,2
75,102,11
75,103,20
75,104,18
75,107,4
75,108,2
75,109,12
75,110,13
75,111,4
75,115,12
75,121,11
75,122,6
75,124,14
75,126,3
75,128,1
75,129,9
75,131,15
75,132,3
75,134,18
75,144,16
75,145,2
75,146,13
75,148,13
75,151,5
75,152,17
75,154,7
75,158,6
76,80,14
76,81,5
76,83,20
76,84,5
76,90,10
76,96,8
76,97,8
76,98,1
76,100,1
76,107,2
76,108,14
76,109,15
76,110,14
76,112,17
76,114,17
76,118,5
76,121,12
76,123,2
76,124,5
76,125,20
76,127,18
76,128,6
76,135,16
76,137,16
76,138,9
76,140,8
76,143,14
76,146,12
76,148,13
76,149,8
76,152,18
76,154,10
76,156,12
77,78,14
77,79,16
77,80,9
77,81,9
77,82,15
77,83,17
77,84,15
77,88,9
77,90,18
77,92,1
77,93,11
77,94,12
77,99,14
77,102,16
77,103,18
77,106,15
77,108,6
77,113,11
77,117,14
77,119,16
77,120,7
77,122,3
77,127,13
77,128,12
77,133,15
77,135,16
77,137,14
77,140,11
77,144,9
77,147,18
77,148,8
77,151,6
77,154,7
77,159,8
78,80,7
78,87,10
78,88,12
78,96,1
78,97,10
78,100,5
78,102,13
78,105,15
78,108,12
78,111,1
78,114,7
78,115,6
78,116,15
78,120,9
78,123,4
78,125,17
78,127,1
78,129,5
78,133,16
78,137,12
78,138,2
78,139,16
78,140,14
78,141,8
78,142,1
78,143,2
78,144,18
78,146,5
78,149,11
78,152,18
78,155,7
78,156,5
78,157,18
78,158,3
79,82,5
79,83,11
79,85,13
79,88,5
79,89,16
79,90,11
79,98,17
79,99,8
79,101,18
79,102,12
79,103,17
79,104,19
79,105,20
79,111,13
79,113,3
79,114,11
79,115,1
79,121,2
79,123,12
79,126,14
79,130,3
79,131,12
79,133,2
79,135,3
79,136,16
79,144,14
79,148,9
79,150,7
79,151,4
79,153,20
79,156,5
79,158,4
80,82,13
80,83,7
80,84,16
80,88,18
80,89,4
80,92,5
80,94,1
80,96,12
80,101,17
80,102,7
80,105,12
80,108,8
80,110,18
80,112,19
80,113,9
80,114,20
80,115,6
80,118,6
80,122,17
80,125,18
80,127,16
80,128,7
80,130,6
80,134,14
80,138,9
80,142,15
80,143,17
80,145,10
80,146,20
80,147,5
80,149,15
80,152,12
80,157,4
81,82,9
81,84,18
81,86,2
81,87,4
81,88,20
81,89,7
81,90,3
81,91,20
81,92,17
81,93,16
81,99,10
81,100,2
81,102,13
81,103,4
81,107,13
81,108,8
81,110,5
81,114,10
81,115,10
81,117,7
81,118,2
81,120,3
81,125,18
81,129,8
81,130,2
81,135,8
81,139,9
81,142,16
81,143,1
81,150,19
81,152,4
81,157,20
81,159,8
82,86,17
82,87,5
82,88,20
82,89,17
82,90,20
82,93,3
82,97,11
82,98,1
82,101,9
82,103,14
82,104,20
82,107,18
82,108,1
82,110,3
82,113,2
82,114,20
82,117,10
82,118,8
82,119,15
82,122,7
82,124,6
82,125,10
82,126,7
82,127,10
82,129,14
82,130,8
82,135,10
82,140,19
82,141,1
82,145,9
82,146,20
82,147,20
82,154,13
82,156,19
82,159,10
83,84,10
83,86,8
83,88,13
83,93,8
83,95,13
83,96,13
83,97,14
83,98,17
83,99,12
83,100,2
83,101,18
83,103,14
83,108,1
83,118,5
83,121,4
83,122,1
83,124,2
83,132,11
83,133,7
83,136,6
83,137,7
83,138,7
83,142,8
83,149,13
83,151,20
83,153,5
83,156,20
83,157,13
84,87,20
84,88,20
84,89,4
84,92,11
84,94,3
84,97,4
84,98,19
84,99,19
84,104,19
84,105,2
84,109,8
84,114,4
84,116,14
84,117,2
84,125,11
84,127,9
84,129,12
84,132,3
84,143,17
84,147,19
84,150,20
84,154,18
84,155,7
84,158,3
84,159,6
85,86,12
85,91,9
85,94,11
85,96,20
85,98,20
85,99,8
85,100,2
85,102,12
85,104,11
85,105,9
85,107,15
85,113,10
85,117,13
85,118,19
85,121,15
85,122,4
85,123,19
85,125,17
85,130,15
85,135,10
85,137,9
85,140,20
85,142,19
85,146,5
85,147,8
85,148,17
85,149,6
85,151,12
85,153,12
85,157,7
85,159,19
86,88,19
86,89,18
86,91,7
86,93,4
86,94,15
86,95,8
86,97,3
86,99,7
86,104,7
86,109,8
86,111,1
86,112,6
86,114,20
86,116,4
86,118,17
86,120,5
86,121,20
86,123,18
86,125,13
86,129,10
86,131,6
86,133,13
86,135,11
86,139,3
86,141,10
86,142,3
86,144,4
86,148,3
86,153,19
86,159,1
87,90,17
87,91,13
87,92,3
87,94,11
87,97,7
87,98,16
87,99,1
87,100,4
87,104,3
87,105,3
87,106,4
87,111,2
87,114,16
87,118,15
87,121,19
87,122,14
87,124,11
87,127,1
87,130,13
87,135,7
87,138,16
87,140,10
87,146,4
87,147,2
87,150,2
87,155,5
87,156,5
87,157,1
87,158,19
88,90,19
88,93,9
88,99,11
88,102,2
88,105,3
88,106,7
88,109,8
88,113,17
88,120,7
88,121,8
88,122,16
88,125,10
88,127,16
88,133,17
88,134,9
88,135,19
88,136,15
88,139,19
88,140,7
88,143,3
88,148,12
88,150,5
88,151,5
88,153,2
88,156,20
88,159,14
89,94,8
89,96,13
89,97,7
89,99,10
89,103,3
89,109,19
89,111,8
89,112,18
89,113,5
89,114,20
89,115,18
89,116,1
89,122,8
89,123,19
89,124,20
89,126,4
89,127,14
89,128,2
89,131,5
89,132,18
89,133,15
89,135,18
89,137,6
89,138,19
89,142,7
89,143,19
89,144,14
89,146,7
89,148,3
89,150,8
89,152,8
89,153,1
89,155,2
90,91,9
90,96,8
90,97,14
90,98,13
90,99,17
90,100,6
90,104,12
90,105,14
90,107,6
90,114,16
90,116,15
90,118,1
90,120,10
90,123,14
90,124,1
90,127,5
90,130,6
90,131,5
90,133,4
90,139,2
90,152,9
90,154,19
90,156,9
90,157,17
91,92,5
91,93,13
91,94,12
91,96,4
91,98,17
91,102,5
91,103,6
91,105,1
91,110,16
91,111,4
91,112,6
91,122,7
91,127,1
91,129,6
91,133,14
91,134,20
91,136,18
91,138,5
91,139,13
91,143,17
91,144,7
91,146,16
91,147,15
91,154,16
91,157,9
92,93,4
92,94,1
92,98,3
92,99,6
92,100,8
92,103,19
92,105,13
92,108,9
92,110,1
92,111,14
92,112,20
92,116,8
92,117,11
92,118,10
92,122,14
92,124,12
92,126,1
92,127,18
92,132,17
92,133,13
92,136,10
92,137,9
92,138,9
92,139,13
92,141,7
92,145,18
92,152,13
92,155,5
92,157,3
93,96,17
93,97,18
93,100,15
93,105,11
93,106,13
93,108,4
93,109,20
93,111,18
93,112,14
93,115,6
93,116,20
93,117,8
93,120,6
93,122,8
93,123,4
93,127,4
93,129,11
93,134,17
93,138,16
93,141,3
93,143,15
93,144,10
93,152,20
93,153,12
93,155,13
93,158,6
94,95,4
94,96,6
94,99,3
94,102,8
94,109,19
94,112,8
94,113,11
94,114,8
94,116,9
94,117,19
94,125,6
94,127,16
94,133,7
94,136,16
94,137,2
94,138,9
94,140,15
94,142,18
94,144,20
94,145,13
94,147,4
94,149,12
94,151,8
94,152,13
94,154,4
94,156,14
95,97,8
95,98,15
95,99,18
95,100,5
95,103,16
95,104,3
95,105,3
95,106,14
95,107,11
95,109,19
95,112,9
95,116,1
95,119,2
95,120,4
95,124,8
95,126,9
95,132,12
95,133,16
95,136,9
95,137,2
95,145,9
95,146,16
95,149,7
95,151,2
95,152,19
95,154,2
95,156,16
95,159,1
96,99,1
96,101,2
96,103,9
96,104,10
96,105,19
96,107,4
96,108,5
96,109,13
96,110,16
96,111,13
96,112,15
96,113,17
96,114,18
96,117,3
96,118,6
96,121,11
96,129,4
96,133,16
96,134,13
96,135,16
96,136,13
96,137,6
96,138,10
96,144,1
96,145,18
96,150,16
96,152,9
96,156,18
96,157,1
96,158,19
97,99,7
97,103,9
97,110,1
97,111,7
97,115,16
97,116,9
97,117,5
97,126,13
97,130,3
97,133,4
97,135,14
97,138,1
97,139,4
97,141,15
97,142,4
97,144,14
97,147,1
97,148,18
97,149,5
97,150,11
97,151,2
97,153,10
97,154,17
97,156,10
97,157,6
98,100,15
98,102,18
98,103,6
98,104,1
98,106,17
98,108,17
98,111,10
98,114,10
98,119,17
98,121,10
98,123,12
98,124,3
98,127,5
98,128,11
98,129,20
98,131,11
98,132,7
98,133,9
98,136,8
98,139,9
98,141,13
98,142,9
98,145,1
98,147,17
98,148,7
98,157,10
99,101,15
99,103,10
99,104,15
99,108,11
99,111,11
99,116,4
99,119,18
99,120,17
99,122,12
99,123,5
99,125,13
99,130,9
99,135,17
99,136,3
99,137,8
99,139,2
99,140,9
99,141,20
99,145,6
99,147,13
99,149,11
99,154,17
99,155,18
99,156,16
99,157,18
99,159,12
100,101,15
100,102,10
100,104,17
100,106,10
100,107,4
100,108,1
100,109,17
100,110,5
100,117,15
100,119,14
100,121,12
100,122,9
100,130,3
100,134,11
100,135,11
100,137,12
100,139,9
100,143,4
100,144,11
100,146,7
100,152,3
100,153,8
100,155,4
100,157,11
100,158,16
101,103,13
101,105,19
101,107,20
101,108,10
101,115,12
101,120,4
101,123,15
101,126,2
101,128,9
101,129,5
101,130,18
101,136,18
101,139,7
101,140,12
101,142,18
101,143,1
101,144,18
101,147,8
101,148,5
101,150,7
101,153,4
101,155,10
101,157,15
101,158,16
101,159,4
102,106,7
102,110,12
102,113,12
102,114,11
102,125,10
102,127,7
102,128,4
102,129,2
102,130,16
102,133,13
102,134,1
102,137,4
102,138,17
102,139,17
102,141,16
102,142,17
102,146,16
102,147,14
102,148,17
102,153,3
103,104,3
103,105,15
103,106,14
103,107,9
103,109,8
103,112,10
103,113,10
103,116,4
103,118,16
103,121,5
103,123,2
103,124,8
103,125,10
103,126,5
103,127,5
103,129,16
103,131,8
103,133,1
103,135,8
103,136,1
103,143,1
103,149,14
103,152,12
103,154,17
103,157,16
103,158,16
103,159,19
104,105,19
104,111,18
104,113,6
104,116,8
104,118,9
104,119,9
104,129,5
104,131,10
104,136,14
104,140,3
104,141,13
104,142,9
104,144,13
104,148,3
104,149,19
104,150,3
104,154,1
104,156,3
105,106,8
105,107,4
105,108,16
105,109,16
105,115,13
105,116,12
105,117,8
105,120,11
105,121,11
105,126,2
105,128,5
105,132,20
105,133,13
105,134,8
105,136,7
105,137,2
105,138,5
105,139,13
105,140,16
105,142,11
105,145,15
105,150,19
105,151,15
105,152,2
105,154,7
105,156,12
105,157,10
106,109,12
106,110,1
106,111,17
106,113,6
106,114,4
106,116,8
106,117,5
106,118,18
106,121,6
106,122,6
106,128,4
106,134,17
106,138,9
106,140,6
106,144,9
106,145,15
106,149,12
106,151,14
106,153,18
106,154,20
106,155,11
106,156,17
106,158,6
106,159,10
107,110,11
107,112,19
107,114,11
107,115,10
107,116,12
107,120,14
107,121,14
107,122,7
107,127,11
107,129,4
107,130,17
107,132,16
107,134,14
107,136,16
107,141,1
107,148,19
107,149,4
107,156,6
107,157,18
107,159,13
108,110,19
108,111,1
108,113,13
108,119,19
108,124,12
108,125,3
108,126,15
108,127,9
108,128,18
108,129,8
108,133,2
108,135,1
108,137,18
108,142,10
108,143,6
108,144,3
108,146,18
108,148,1
108,151,13
108,154,6
108,156,3
108,157,7
108,158,9
108,159,3
109,110,1
109,111,4
109,112,4
109,113,16
109,114,13
109,115,19
109,116,20
109,119,4
109,121,15
109,122,7
109,124,2
109,127,9
109,134,17
109,135,16
109,137,1
109,139,20
109,142,15
109,146,7
109,147,1
109,148,1
109,149,15
109,156,6
109,158,15
110,112,18
110,113,7
110,116,16
110,117,11
110,118,11
110,119,12
110,123,13
110,125,19
110,128,18
110,134,7
110,138,15
110,139,6
110,140,4
110,153,19
110,154,14
110,159,1
111,112,6
111,114,9
111,115,9
111,117,9
111,120,4
111,123,13
111,124,1
111,127,13
111,130,8
111,135,15
111,137,4
111,139,18
111,140,11
111,144,8
111,146,18
111,147,13
111,149,6
111,153,10
111,157,9
111,158,1
111,159,16
112,114,20
112,117,15
112,123,4
112,124,12
112,126,14
112,129,6
112,133,13
112,136,10
112,139,8
112,140,12
112,141,18
112,144,20
112,145,10
112,146,10
112,148,18
112,150,2
112,151,1
112,152,18
112,156,16
112,157,20
112,159,13
113,114,20
113,115,3
113,121,10
113,122,15
113,128,16
113,132,18
113,133,9
113,134,19
113,136,3
113,142,4
113,145,15
113,147,5
113,149,18
113,150,16
113,153,4
114,123,14
114,124,1
114,127,5
114,128,3
114,135,13
114,136,6
114,137,15
114,139,18
114,140,9
114,144,18
114,149,13
114,150,17
114,152,16
114,153,12
114,159,13
115,117,8
115,118,19
115,119,6
115,126,8
115,134,8
115,135,8
115,137,8
115,138,12
115,142,19
115,144,2
115,150,5
115,152,18
115,154,8
115,156,17
115,159,7
116,117,13
116,120,1
116,121,5
116,128,15
116,135,20
116,138,18
116,139,1
116,141,20
116,143,18
116,144,12
116,145,12
116,146,11
116,148,5
116,150,14
116,152,9
116,153,8
116,159,3
117,119,17
117,122,6
117,126,11
117,131,3
117,139,9
117,140,7
117,142,7
117,143,12
117,145,20
117,146,12
117,156,14
117,157,7
117,158,7
118,122,11
118,124,7
118,125,19
118,127,3
118,128,7
118,130,1
118,137,1
118,140,9
118,143,9
118,144,4
118,148,2
118,149,5
118,151,6
118,158,6
118,159,1
119,124,7
119,125,18
119,127,16
119,130,6
119,137,4
119,140,16
119,142,14
119,149,18
119,151,18
119,152,20
119,153,3
119,155,18
119,156,2
119,158,7
120,122,16
120,123,19
120,128,7
120,133,9
120,137,20
120,138,6
120,139,12
120,143,9
120,144,17
120,145,8
120,147,10
120,148,15
120,153,17
120,154,18
120,156,17
120,157,17
120,158,10
121,125,20
121,127,16
121,130,6
121,134,2
121,137,13
121,138,1
121,151,19
121,154,16
121,157,12
122,123,2
122,124,20
122,125,10
122,130,18
122,131,20
122,132,12
122,133,6
122,134,16
122,136,4
122,139,8
122,140,20
122,143,13
122,144,4
122,147,20
122,150,20
122,151,2
122,152,19
123,129,1
123,132,2
123,135,19
123,137,12
123,140,7
123,141,1
123,145,2
123,148,17
123,158,7
124,129,4
124,130,7
124,131,2
124,132,14
124,133,7
124,138,20
124,141,4
124,142,17
124,143,6
124,149,16
124,151,7
124,154,13
124,155,4
124,156,14
125,129,18
125,130,12
125,133,9
125,134,20
125,135,8
125,138,6
125,139,5
125,140,19
125,141,5
125,147,5
125,148,12
125,153,2
125,154,13
125,155,18
125,156,12
125,159,13
126,128,12
126,129,1
126,130,1
126,133,4
126,135,5
126,137,11
126,138,10
126,144,17
126,146,6
126,152,5
126,158,10
127,128,13
127,132,14
127,133,16
127,139,7
127,140,2
127,141,18
127,142,6
127,143,14
127,146,12
127,150,14
127,155,9
127,157,14
128,129,6
128,130,9
128,131,2
128,132,8
128,134,16
128,135,19
128,136,16
128,137,12
128,144,14
128,152,13
128,153,14
128,157,6
129,130,18
129,132,10
129,134,6
129,135,13
129,138,16
129,142,17
129,143,4
129,145,11
129,151,18
129,153,9
129,155,13
129,156,13
129,159,11
130,139,19
130,145,1
130,149,2
130,150,14
130,152,3
130,155,14
130,156,3
130,158,20
131,135,1
131,136,17
131,137,8
131,138,10
131,143,1
131,146,4
131,149,7
131,151,13
131,152,10
131,153,14
132,133,17
132,135,9
132,136,13
132,138,18
132,139,19
132,141,19
132,143,9
132,144,3
132,145,13
132,148,6
132,149,14
132,150,18
132,151,20
132,152,19
132,154,6
132,157,1
132,159,5
133,134,9
133,135,17
133,136,4
133,137,13
133,138,17
133,139,8
133,141,4
133,142,19
133,143,17
133,144,13
133,145,20
133,146,15
133,149,4
133,153,9
133,154,9
133,155,11
133,156,9
134,135,15
134,138,7
134,139,18
134,140,7
134,141,3
134,148,1
134,150,13
135,138,10
135,140,4
135,143,20
135,144,9
135,145,20
135,146,4
135,149,17
135,151,18
135,152,7
135,153,15
135,155,10
135,157,5
135,158,11
136,137,18
136,138,3
136,141,6
136,144,1
136,147,9
136,148,1
136,149,10
136,152,13
136,154,15
136,156,8
136,159,15
137,138,7
137,139,5
137,140,9
137,141,19
137,143,17
137,146,3
137,150,4
137,151,12
137,154,1
137,155,3
137,159,13
138,139,14
138,148,3
138,151,18
138,153,13
138,156,8
138,158,10
138,159,7
139,142,6
139,144,7
139,146,19
139,151,12
139,156,11
139,159,5
140,143,8
140,144,16
140,146,8
140,147,15
140,149,6
140,150,17
140,151,17
140,158,10
140,159,18
141,143,16
141,149,3
141,153,12
142,144,15
142,146,16
142,147,9
142,150,20
142,151,2
142,154,5
143,145,3
143,147,12
143,149,3
143,151,9
143,153,16
143,154,9
143,157,8
144,146,19
144,149,11
144,150,4
144,153,5
144,158,18
144,159,13
145,147,3
145,150,16
145,153,6
145,155,1
145,157,8
146,150,2
146,152,3
146,155,11
146,156,8
146,157,17
146,158,1
147,148,17
147,149,4
147,153,6
147,154,17
147,158,2
147,159,2
148,150,7
148,153,17
148,155,3
148,159,7
149,150,17
149,153,1
149,157,14
149,159,12
150,153,8
150,158,19
150,159,6
151,152,10
151,155,4
151,156,11
151,157,6
152,153,4
152,154,15
152,155,12
152,156,17
152,157,19
152,158,18
152,159,11
153,155,6
153,156,18
155,157,9
155,158,6
156,158,10
156,159,6
