0,1,14
0,2,4
0,3,1
0,5,16
0,6,7
0,7,18
0,8,16
0,9,10
0,12,4
0,14,17
0,15,12
0,16,7
0,17,6
0,18,10
0,19,10
0,20,16
0,21,3
0,22,9
0,23,20
0,24,18
0,25,13
0,26,10
0,27,17
0,28,4
0,30,10
0,33,12
0,34,13
0,36,2
0,37,10
0,38,15
0,39,17
0,43,5
0,44,7
0,46,13
0,49,6
0,50,18
0,51,12
0,52,13
0,54,2
0,55,5
0,56,19
0,57,7
0,59,10
0,60,20
0,61,17
0,62,11
0,63,16
0,64,5
0,65,16
0,67,20
0,68,19
0,69,3
0,70,8
0,71,6
0,72,12
0,73,16
0,75,14
0,76,7
0,77,19
0,78,2
0,79,5
0,81,3
0,82,8
0,83,1
0,84,16
0,85,8
0,86,18
0,88,19
0,90,1
0,91,11
0,92,4
0,93,8
0,96,5
0,97,19
0,98,5
0,99,1
0,100,8
0,102,12
0,103,14
0,104,20
0,105,19
0,106,20
0,107,19
0,108,4
0,110,3
0,111,8
0,112,9
0,114,2
0,115,18
0,116,7
0,117,4
0,118,5
0,119,7
1,2,10
1,3,10
1,5,16
1,7,3
1,8,6
1,10,7
1,12,13
1,13,18
1,14,4
1,16,20
1,18,4
1,19,17
1,20,2
1,22,16
1,23,12
1,24,1
1,25,13
1,26,3
1,27,11
1,28,16
1,29,13
1,33,4
1,34,2
1,35,18
1,36,13
1,37,16
1,38,6
1,39,6
1,40,20
1,41,3
1,42,5
1,43,18
1,44,6
1,45,18
1,46,12
1,47,17
1,48,14
1,49,14
1,50,6
1,51,16
1,52,12
1,53,7
1,54,12
1,56,18
1,57,18
1,58,10
1,59,7
1,60,16
1,62,1
1,65,9
1,66,3
1,69,10
1,72,2
1,73,1
1,75,12
1,76,5
1,77,3
1,78,9
1,80,13
1,81,14
1,82,4
1,83,10
1,84,3
1,85,13
1,86,2
1,88,19
1,92,6
1,93,12
1,94,15
1,95,16
1,96,10
1,97,1
1,98,4
1,99,11
1,100,14
1,102,2
1,103,10
1,105,5
1,106,15
1,108,13
1,109,15
1,110,11
1,112,18
1,113,18
1,114,17
1,115,13
1,116,8
1,117,12
1,118,20
1,119,18
2,3,5
2,4,5
2,5,11
2,6,16
2,8,20
2,9,10
2,10,6
2,11,19
2,12,11
2,13,8
2,14,11
2,15,20
2,16,11
2,17,2
2,18,9
2,23,16
2,24,19
2,26,15
2,28,12
2,29,2
2,35,2
2,36,20
2,37,7
2,40,12
2,41,13
2,42,9
2,43,10
2,44,14
2,46,11
2,47,7
2,48,5
2,49,6
2,50,16
2,51,4
2,52,18
2,57,16
2,63,11
2,64,8
2,65,11
2,66,18
2,67,9
2,68,4
2,69,19
2,71,11
2,72,20
2,73,3
2,74,12
2,75,11
2,78,7
2,79,6
2,80,6
2,82,4
2,83,11
2,84,5
2,85,13
2,86,5
2,87,16
2,88,9
2,92,20
2,94,17
2,95,4
2,97,9
2,98,8
2,100,7
2,101,7
2,102,16
2,105,6
2,106,9
2,109,7
2,112,13
2,113,15
2,114,3
2,115,7
2,117,4
2,119,5
3,7,10
3,9,5
3,10,8
3,11,6
3,12,13
3,16,7
3,17,16
3,18,10
3,20,13
3,22,19
3,23,17
3,24,1
3,25,13
3,26,7
3,27,16
3,28,3
3,29,4
3,30,18
3,31,19
3,36,4
3,39,18
3,40,15
3,41,11
3,43,13
3,44,7
3,46,1
3,47,8
3,48,1
3,51,3
3,52,12
3,54,16
3,56,2
3,57,2
3,58,9
3,59,6
3,61,12
3,62,3
3,63,2
3,64,16
3,66,7
3,67,18
3,68,14
3,69,13
3,70,20
3,71,4
3,76,13
3,77,16
3,79,7
3,80,20
3,83,18
3,85,17
3,86,1
3,87,8
3,89,19
3,90,6
3,91,10
3,92,19
3,96,8
3,97,18
3,98,19
3,99,8
3,100,7
3,101,13
3,102,4
3,103,19
3,104,20
3,105,9
3,106,14
3,109,17
3,110,11
3,112,18
3,113,20
3,114,14
3,115,16
3,116,16
3,117,18
3,118,4
3,119,17
4,8,20
4,10,6
4,11,14
4,12,19
4,13,10
4,14,12
4,16,15
4,19,11
4,21,1
4,24,12
4,25,11
4,26,10
4,28,13
4,30,11
4,31,3
4,32,19
4,33,12
4,34,16
4,35,12
4,37,2
4,39,14
4,41,19
4,42,4
4,43,18
4,45,15
4,46,8
4,47,7
4,48,5
4,51,1
4,53,19
4,54,6
4,55,7
4,57,12
4,58,15
4,62,20
4,63,3
4,64,17
4,65,13
4,66,13
4,67,15
4,69,10
4,70,2
4,71,9
4,72,8
4,73,5
4,75,12
4,78,8
4,79,20
4,81,16
4,83,1
4,86,1
4,87,14
4,89,13
4,90,1
4,91,1
4,92,8
4,93,9
4,94,18
4,95,18
4,96,4
4,97,13
4,98,13
4,99,11
4,101,7
4,102,2
4,103,11
4,104,10
4,105,13
4,107,18
4,109,13
4,111,7
4,112,5
4,114,15
4,115,5
4,116,20
4,117,8
4,118,8
4,119,10
5,6,16
5,7,16
5,8,14
5,10,2
5,13,6
5,15,7
5,16,12
5,17,2
5,18,6
5,21,9
5,22,7
5,23,6
5,26,17
5,27,19
5,28,2
5,29,5
5,30,19
5,31,5
5,32,17
5,34,15
5,35,1
5,37,3
5,38,20
5,39,18
5,40,13
5,41,18
5,42,1
5,43,11
5,44,7
5,45,20
5,46,2
5,49,1
5,50,1
5,51,18
5,52,18
5,54,9
5,55,15
5,56,2
5,57,5
5,58,11
5,60,6
5,62,10
5,63,4
5,64,8
5,66,3
5,67,4
5,68,14
5,70,1
5,71,20
5,73,14
5,74,17
5,77,20
5,79,12
5,80,20
5,81,20
5,82,17
5,83,8
5,86,1
5,87,3
5,88,1
5,89,5
5,90,19
5,91,18
5,92,8
5,93,13
5,94,17
5,96,20
5,97,15
5,98,18
5,99,4
5,100,17
5,101,15
5,102,2
5,103,11
5,104,13
5,105,16
5,107,20
5,109,19
5,110,3
5,112,12
5,113,11
5,114,18
5,115,12
5,116,3
5,117,10
5,119,17
6,7,13
6,9,8
6,10,10
6,12,3
6,13,8
6,14,12
6,15,5
6,17,20
6,20,9
6,21,4
6,22,12
6,23,4
6,25,11
6,27,19
6,30,13
6,32,8
6,34,12
6,35,6
6,36,6
6,37,11
6,38,5
6,40,13
6,42,17
6,43,6
6,44,3
6,45,4
6,46,19
6,47,20
6,49,5
6,50,1
6,51,1
6,52,13
6,53,2
6,55,6
6,56,10
6,59,20
6,60,8
6,61,19
6,63,14
6,64,6
6,66,3
6,68,6
6,69,7
6,70,11
6,71,19
6,72,12
6,73,6
6,75,19
6,77,14
6,78,15
6,80,18
6,81,5
6,82,2
6,83,14
6,85,18
6,88,13
6,89,18
6,91,20
6,92,9
6,94,4
6,95,9
6,97,3
6,98,4
6,99,8
6,100,13
6,101,11
6,103,11
6,104,15
6,106,7
6,108,13
6,109,4
6,111,5
6,112,19
6,113,7
6,114,13
6,116,16
6,118,20
6,119,12
7,9,18
7,10,8
7,11,12
7,12,11
7,14,7
7,15,18
7,17,5
7,19,11
7,22,15
7,23,19
7,25,7
7,27,11
7,28,11
7,29,19
7,30,15
7,32,7
7,33,13
7,34,10
7,36,15
7,37,16
7,39,14
7,41,1
7,42,12
7,44,15
7,45,16
7,46,8
7,47,10
7,48,4
7,49,3
7,50,3
7,51,6
7,52,11
7,53,13
7,54,10
7,57,11
7,58,17
7,60,2
7,61,5
7,62,6
7,65,5
7,67,9
7,71,18
7,72,19
7,73,12
7,75,8
7,76,18
7,78,3
7,79,16
7,80,8
7,81,19
7,82,8
7,83,16
7,84,14
7,85,18
7,86,8
7,91,15
7,94,6
7,95,5
7,96,13
7,98,3
7,99,10
7,100,13
7,101,18
7,102,1
7,103,11
7,104,2
7,105,13
7,107,3
7,108,6
7,109,17
7,110,20
7,111,17
7,112,3
7,113,1
7,114,9
7,115,1
7,117,16
7,118,7
7,119,15
8,9,1
8,10,5
8,11,18
8,12,12
8,14,15
8,15,16
8,16,17
8,18,2
8,19,18
8,20,20
8,23,7
8,25,3
8,26,16
8,27,4
8,30,9
8,31,13
8,33,4
8,36,7
8,37,14
8,38,15
8,40,15
8,41,17
8,43,16
8,44,17
8,45,8
8,46,16
8,47,5
8,48,11
8,49,20
8,51,18
8,52,20
8,54,8
8,55,1
8,56,7
8,58,14
8,59,15
8,60,13
8,61,4
8,63,19
8,66,2
8,69,19
8,70,19
8,72,18
8,76,16
8,77,7
8,80,16
8,81,13
8,82,10
8,84,14
8,86,18
8,88,15
8,89,9
8,91,1
8,93,14
8,95,11
8,96,10
8,97,8
8,101,11
8,102,14
8,103,14
8,105,7
8,106,8
8,107,8
8,110,1
8,111,11
8,113,17
8,114,3
8,116,7
8,117,10
8,119,1
9,10,1
9,11,6
9,12,6
9,14,8
9,15,15
9,16,8
9,17,5
9,18,15
9,19,4
9,22,5
9,23,1
9,25,1
9,26,2
9,27,11
9,29,7
9,30,2
9,33,5
9,35,1
9,38,12
9,39,4
9,40,1
9,44,19
9,45,6
9,46,12
9,47,12
9,49,16
9,51,14
9,52,14
9,53,13
9,54,6
9,56,20
9,57,9
9,58,4
9,59,9
9,60,5
9,61,3
9,62,18
9,63,4
9,64,20
9,65,15
9,66,20
9,67,10
9,68,20
9,70,5
9,73,10
9,74,18
9,75,4
9,76,11
9,78,9
9,79,11
9,80,11
9,83,8
9,84,2
9,85,15
9,86,17
9,88,8
9,90,6
9,92,8
9,93,12
9,94,4
9,96,9
9,97,10
9,98,13
9,99,13
9,100,4
9,101,3
9,103,1
9,104,20
9,106,6
9,107,5
9,108,3
9,109,14
9,110,16
9,113,2
9,114,9
9,115,20
9,116,20
9,117,16
9,118,19
10,12,9
10,13,11
10,14,3
10,15,10
10,16,5
10,17,1
10,18,1
10,21,9
10,22,15
10,23,7
10,24,7
10,25,16
10,28,10
10,31,14
10,33,14
10,34,18
10,35,17
10,38,9
10,39,12
10,40,3
10,41,8
10,43,2
10,44,17
10,45,20
10,46,19
10,47,12
10,48,20
10,49,5
10,51,12
10,52,9
10,53,20
10,55,15
10,57,18
10,58,15
10,60,11
10,61,18
10,62,16
10,63,11
10,64,14
10,65,1
10,66,9
10,67,18
10,70,19
10,71,18
10,72,7
10,73,14
10,74,18
10,77,19
10,78,6
10,80,14
10,82,10
10,83,13
10,84,17
10,87,14
10,88,8
10,90,17
10,91,13
10,92,14
10,93,1
10,95,2
10,96,15
10,100,7
10,103,19
10,104,3
10,105,15
10,107,9
10,108,8
10,111,16
10,112,13
10,113,12
10,116,8
10,117,20
10,118,12
10,119,1
11,15,1
11,16,9
11,17,12
11,18,11
11,21,3
11,22,9
11,24,9
11,25,19
11,26,2
11,27,3
11,28,13
11,29,9
11,30,14
11,31,18
11,32,4
11,35,6
11,36,5
11,37,18
11,39,1
11,43,11
11,44,1
11,45,3
11,47,10
11,48,13
11,50,17
11,52,10
11,54,1
11,55,15
11,56,8
11,59,5
11,60,1
11,61,16
11,64,10
11,65,3
11,67,20
11,69,17
11,70,20
11,71,6
11,73,10
11,74,13
11,75,20
11,76,12
11,77,16
11,78,9
11,79,13
11,80,10
11,81,10
11,82,11
11,83,5
11,84,2
11,85,9
11,86,13
11,87,11
11,88,18
11,89,3
11,91,3
11,93,10
11,94,20
11,96,1
11,97,4
11,98,6
11,99,12
11,101,20
11,102,1
11,104,4
11,105,19
11,106,13
11,107,18
11,108,4
11,109,19
11,110,5
11,111,3
11,112,9
11,113,20
11,115,16
11,117,2
11,118,3
11,119,20
12,13,3
12,14,11
12,16,1
12,17,12
12,18,20
12,19,2
12,21,15
12,23,7
12,25,4
12,27,20
12,28,16
12,29,16
12,30,17
12,31,5
12,32,6
12,34,2
12,35,11
12,37,14
12,38,14
12,40,10
12,41,19
12,43,11
12,44,19
12,45,8
12,46,15
12,47,20
12,48,2
12,49,13
12,50,4
12,51,2
12,53,16
12,54,13
12,55,15
12,58,7
12,60,10
12,62,1
12,63,19
12,64,13
12,65,4
12,67,17
12,71,20
12,72,19
12,73,19
12,74,10
12,77,19
12,78,6
12,79,17
12,80,9
12,81,2
12,83,9
12,85,12
12,86,16
12,87,4
12,88,20
12,89,1
12,90,6
12,92,19
12,94,20
12,96,5
12,97,9
12,98,9
12,99,15
12,101,4
12,103,16
12,104,17
12,109,10
12,114,7
12,117,8
12,119,8
13,17,15
13,18,7
13,20,13
13,21,20
13,22,18
13,24,6
13,25,17
13,26,3
13,28,2
13,29,20
13,30,4
13,31,16
13,32,8
13,33,3
13,35,13
13,36,4
13,37,17
13,38,4
13,39,13
13,40,16
13,41,10
13,42,7
13,43,7
13,45,9
13,48,14
13,49,11
13,50,3
13,52,16
13,53,17
13,55,1
13,57,1
13,58,4
13,59,15
13,60,20
13,61,16
13,62,11
13,63,2
13,66,3
13,67,13
13,68,14
13,69,8
13,70,9
13,72,15
13,74,8
13,75,11
13,76,19
13,78,8
13,82,10
13,84,20
13,88,3
13,89,11
13,91,18
13,93,13
13,95,10
13,96,16
13,98,2
13,99,4
13,100,1
13,101,19
13,103,13
13,105,8
13,106,1
13,107,19
13,109,1
13,110,4
13,111,8
13,112,19
13,114,15
13,116,1
13,117,8
13,118,6
14,15,1
14,16,12
14,18,2
14,19,1
14,21,8
14,22,1
14,23,2
14,24,20
14,25,2
14,28,10
14,30,12
14,32,8
14,34,12
14,36,17
14,37,19
14,38,12
14,41,8
14,42,17
14,43,3
14,44,15
14,46,10
14,47,6
14,48,10
14,49,2
14,51,8
14,52,17
14,54,20
14,57,18
14,58,18
14,59,6
14,60,19
14,62,20
14,63,6
14,64,1
14,65,3
14,66,2
14,67,12
14,68,7
14,69,15
14,71,17
14,73,3
14,74,16
14,76,19
14,78,4
14,79,18
14,80,11
14,82,18
14,83,8
14,84,3
14,85,3
14,87,6
14,88,14
14,89,16
14,91,11
14,93,5
14,94,1
14,95,3
14,96,13
14,97,17
14,98,1
14,100,16
14,101,20
14,102,1
14,103,10
14,108,1
14,109,14
14,111,19
14,112,4
14,113,10
14,114,5
14,116,3
14,117,17
15,17,5
15,18,5
15,19,11
15,20,5
15,21,11
15,22,10
15,24,9
15,25,7
15,26,8
15,27,9
15,28,17
15,31,20
15,32,3
15,34,20
15,35,2
15,36,6
15,37,16
15,38,3
15,39,13
15,42,14
15,45,6
15,47,5
15,48,17
15,50,13
15,51,19
15,54,19
15,55,19
15,56,19
15,59,11
15,60,16
15,61,4
15,62,1
15,63,4
15,64,15
15,65,13
15,66,17
15,68,10
15,69,17
15,72,6
15,73,4
15,78,11
15,79,8
15,80,10
15,81,11
15,82,16
15,83,20
15,84,19
15,85,9
15,86,1
15,87,16
15,88,12
15,89,6
15,92,12
15,93,12
15,94,12
15,95,10
15,96,1
15,97,1
15,98,6
15,99,6
15,100,10
15,101,19
15,102,19
15,103,3
15,104,3
15,105,11
15,107,9
15,110,11
15,112,7
15,114,12
15,115,6
15,116,7
15,117,5
15,118,13
15,119,15
16,17,5
16,18,2
16,19,17
16,20,13
16,21,12
16,22,5
16,23,1
16,25,16
16,26,15
16,27,12
16,29,14
16,32,18
16,33,3
16,35,6
16,37,17
16,38,17
16,39,3
16,41,7
16,42,7
16,43,6
16,44,12
16,51,2
16,52,10
16,53,3
16,54,6
16,55,2
16,58,7
16,60,11
16,62,5
16,63,5
16,64,2
16,66,5
16,67,15
16,68,8
16,69,15
16,70,14
16,73,3
16,75,3
16,80,10
16,81,19
16,83,19
16,84,6
16,86,1
16,88,16
16,89,6
16,92,7
16,94,8
16,95,13
16,96,4
16,97,6
16,98,12
16,99,10
16,100,7
16,101,15
16,103,13
16,104,9
16,105,3
16,106,7
16,107,1
16,108,19
16,109,9
16,110,14
16,111,1
16,112,16
16,114,1
16,116,17
16,117,9
16,119,12
17,18,16
17,22,10
17,24,7
17,25,9
17,26,10
17,27,15
17,28,20
17,29,2
17,30,11
17,32,8
17,33,19
17,34,11
17,36,20
17,37,15
17,39,18
17,40,4
17,41,13
17,42,13
17,43,19
17,45,15
17,46,10
17,47,8
17,48,11
17,49,7
17,50,18
17,51,11
17,52,2
17,53,3
17,54,2
17,56,2
17,57,17
17,58,2
17,59,4
17,60,19
17,61,14
17,63,9
17,64,2
17,68,20
17,69,16
17,70,6
17,71,9
17,72,1
17,74,8
17,75,9
17,77,2
17,78,2
17,79,13
17,83,11
17,84,15
17,86,3
17,87,7
17,89,5
17,90,8
17,91,13
17,92,1
17,93,5
17,95,15
17,96,7
17,98,9
17,99,3
17,100,10
17,101,10
17,103,14
17,104,11
17,106,3
17,108,8
17,109,12
17,112,12
17,115,11
17,117,11
17,118,17
18,19,9
18,21,9
18,22,12
18,24,3
18,25,8
18,26,15
18,27,4
18,28,6
18,29,12
18,30,14
18,31,1
18,32,2
18,33,5
18,34,4
18,36,20
18,37,9
18,38,4
18,39,14
18,40,2
18,41,7
18,42,11
18,45,10
18,46,2
18,48,18
18,49,8
18,50,8
18,52,8
18,53,5
18,54,7
18,55,20
18,56,19
18,57,6
18,58,11
18,59,3
18,60,1
18,62,6
18,63,7
18,64,13
18,66,12
18,70,19
18,72,18
18,73,14
18,75,4
18,77,14
18,78,16
18,80,7
18,81,9
18,82,6
18,85,18
18,87,18
18,88,16
18,90,17
18,91,2
18,92,4
18,96,20
18,97,20
18,98,5
18,99,9
18,100,4
18,101,15
18,103,5
18,105,20
18,106,3
18,107,2
18,109,8
18,110,7
18,111,15
18,112,5
18,114,19
18,115,4
18,116,20
18,118,20
18,119,20
19,20,11
19,24,3
19,25,2
19,26,19
19,27,4
19,28,13
19,29,12
19,30,12
19,31,6
19,33,5
19,34,17
19,35,14
19,36,3
19,37,7
19,40,2
19,41,19
19,42,18
19,45,19
19,46,4
19,47,10
19,49,10
19,50,3
19,52,8
19,53,4
19,54,7
19,56,14
19,57,10
19,58,15
19,60,1
19,61,7
19,63,15
19,64,13
19,65,15
19,66,8
19,67,1
19,71,10
19,75,3
19,77,1
19,79,3
19,80,11
19,84,7
19,86,6
19,87,5
19,88,16
19,89,12
19,90,9
19,91,2
19,92,7
19,93,20
19,94,9
19,95,2
19,96,14
19,97,17
19,98,8
19,99,8
19,101,20
19,102,2
19,104,11
19,105,7
19,106,10
19,109,7
19,110,19
19,112,6
19,113,14
19,114,18
19,115,9
19,116,19
19,117,8
19,118,14
19,119,11
20,21,11
20,22,2
20,23,20
20,24,12
20,25,18
20,27,7
20,28,7
20,29,17
20,30,15
20,31,12
20,32,19
20,34,20
20,37,13
20,38,19
20,39,19
20,40,19
20,41,9
20,42,17
20,43,14
20,44,19
20,45,16
20,46,1
20,48,4
20,51,18
20,52,9
20,53,13
20,54,4
20,55,20
20,56,18
20,57,10
20,58,17
20,60,12
20,62,6
20,63,1
20,64,6
20,66,16
20,67,19
20,68,1
20,70,13
20,71,15
20,72,8
20,73,20
20,74,13
20,75,7
20,77,5
20,78,4
20,79,19
20,80,13
20,81,9
20,82,7
20,83,9
20,84,9
20,86,13
20,87,1
20,88,11
20,90,5
20,92,6
20,94,6
20,95,17
20,96,8
20,99,6
20,100,19
20,102,3
20,103,15
20,104,2
20,105,19
20,107,3
20,108,14
20,111,3
20,112,15
20,114,16
20,115,7
20,116,12
20,118,2
20,119,16
21,22,3
21,23,13
21,24,2
21,25,8
21,29,16
21,30,1
21,32,20
21,34,16
21,38,16
21,40,13
21,41,15
21,42,9
21,43,19
21,44,11
21,45,20
21,47,12
21,48,19
21,51,19
21,53,15
21,54,18
21,56,12
21,58,19
21,60,11
21,62,7
21,63,4
21,64,18
21,65,3
21,66,1
21,67,5
21,69,18
21,71,17
21,72,15
21,76,14
21,77,4
21,80,3
21,81,5
21,83,15
21,85,3
21,86,14
21,87,1
21,90,1
21,91,20
21,93,5
21,96,12
21,97,5
21,98,3
21,100,19
21,101,5
21,104,18
21,105,16
21,106,20
21,107,15
21,108,9
21,109,6
21,112,6
21,113,9
21,114,14
21,118,17
21,119,10
22,23,9
22,25,4
22,26,11
22,27,15
22,28,11
22,29,5
22,30,16
22,31,5
22,34,10
22,35,12
22,37,20
22,38,6
22,39,18
22,41,1
22,43,3
22,45,13
22,46,6
22,49,11
22,50,7
22,51,19
22,53,9
22,54,2
22,55,17
22,57,1
22,59,13
22,60,13
22,63,15
22,64,2
22,65,1
22,68,9
22,69,18
22,70,15
22,73,13
22,74,20
22,75,13
22,76,19
22,77,19
22,80,11
22,81,16
22,82,19
22,83,17
22,84,10
22,85,3
22,86,16
22,87,4
22,89,3
22,92,7
22,95,12
22,96,7
22,98,8
22,99,7
22,100,13
22,101,19
22,102,14
22,103,9
22,104,15
22,106,16
22,107,3
22,108,12
22,109,17
22,111,10
22,112,1
22,113,13
22,115,19
22,116,2
22,117,9
22,118,9
22,119,13
23,25,13
23,26,11
23,27,1
23,28,20
23,29,8
23,30,2
23,34,18
23,35,15
23,36,2
23,37,19
23,39,1
23,40,17
23,41,3
23,42,8
23,43,17
23,44,11
23,45,19
23,46,14
23,47,17
23,49,8
23,50,1
23,52,5
23,55,10
23,56,1
23,58,6
23,59,6
23,60,18
23,62,12
23,64,16
23,65,4
23,66,15
23,68,9
23,69,11
23,70,9
23,71,1
23,78,20
23,79,16
23,80,10
23,81,8
23,82,18
23,84,3
23,85,13
23,86,3
23,88,14
23,89,7
23,90,3
23,91,13
23,92,18
23,93,16
23,95,10
23,96,15
23,97,10
23,99,5
23,102,19
23,103,19
23,104,2
23,105,16
23,108,15
23,109,2
23,110,15
23,111,19
23,112,7
23,113,14
23,114,12
23,115,9
23,116,18
23,117,2
23,118,13
23,119,2
24,25,15
24,27,4
24,30,13
24,31,13
24,32,4
24,35,11
24,36,11
24,37,9
24,39,7
24,40,4
24,41,13
24,43,7
24,44,16
24,45,18
24,46,5
24,47,3
24,50,3
24,51,20
24,52,8
24,53,8
24,54,18
24,55,5
24,56,16
24,59,19
24,60,5
24,61,16
24,63,2
24,64,16
24,65,4
24,66,7
24,67,2
24,68,18
24,69,5
24,72,7
24,73,1
24,75,4
24,79,20
24,80,17
24,81,8
24,83,10
24,84,3
24,85,20
24,86,17
24,87,2
24,88,3
24,89,17
24,91,7
24,93,11
24,94,17
24,96,19
24,97,14
24,99,7
24,100,12
24,101,1
24,102,17
24,103,9
24,104,4
24,105,11
24,106,15
24,108,15
24,109,1
24,110,15
24,111,9
24,112,16
24,114,15
24,117,11
24,118,6
24,119,11
25,27,2
25,28,7
25,30,17
25,32,10
25,34,15
25,35,5
25,38,13
25,40,16
25,41,13
25,42,14
25,44,7
25,47,13
25,48,7
25,50,12
25,53,7
25,54,17
25,55,14
25,56,6
25,57,3
25,59,8
25,60,9
25,61,19
25,63,20
25,64,16
25,65,18
25,66,18
25,67,17
25,69,11
25,71,14
25,73,9
25,75,10
25,76,20
25,80,8
25,81,8
25,83,9
25,84,12
25,87,15
25,88,19
25,89,6
25,90,10
25,92,10
25,93,12
25,94,15
25,95,17
25,96,18
25,97,17
25,98,13
25,99,5
25,100,18
25,101,12
25,102,5
25,103,5
25,105,2
25,106,18
25,107,9
25,108,14
25,109,11
25,110,7
25,112,14
25,113,5
25,114,4
25,116,4
25,117,5
25,118,6
26,27,18
26,28,5
26,29,13
26,30,2
26,32,18
26,33,7
26,37,8
26,38,1
26,39,16
26,40,16
26,42,15
26,43,7
26,46,7
26,47,19
26,48,5
26,49,16
26,50,8
26,53,6
26,55,2
26,56,20
26,59,5
26,60,16
26,61,8
26,62,15
26,63,15
26,65,1
26,68,14
26,69,20
26,71,14
26,72,13
26,73,15
26,74,12
26,75,14
26,77,12
26,78,19
26,79,16
26,80,18
26,82,6
26,90,14
26,91,16
26,92,19
26,94,16
26,95,9
26,97,5
26,99,8
26,100,4
26,104,7
26,106,18
26,107,18
26,108,9
26,109,14
26,111,14
26,113,4
26,114,6
26,115,4
26,116,1
26,117,10
26,118,11
27,28,6
27,29,3
27,30,14
27,31,20
27,32,10
27,33,8
27,34,18
27,35,11
27,39,15
27,40,6
27,41,13
27,42,9
27,44,4
27,45,8
27,46,3
27,47,2
27,49,17
27,51,6
27,52,10
27,53,4
27,54,18
27,55,17
27,56,11
27,57,11
27,59,9
27,60,9
27,61,12
27,62,15
27,63,2
27,64,18
27,65,8
27,66,10
27,67,12
27,69,4
27,71,6
27,74,14
27,76,2
27,77,9
27,78,5
27,79,4
27,80,17
27,81,13
27,82,19
27,83,8
27,84,5
27,86,14
27,87,18
27,88,11
27,89,3
27,90,11
27,92,17
27,93,2
27,94,17
27,95,6
27,96,3
27,98,15
27,102,17
27,103,2
27,106,18
27,107,9
27,110,5
27,111,6
27,113,17
27,119,19
28,29,16
28,30,12
28,31,18
28,32,10
28,37,9
28,38,3
28,41,19
28,44,5
28,45,9
28,46,16
28,48,2
28,49,20
28,50,7
28,51,17
28,52,17
28,53,6
28,55,1
28,57,15
28,58,18
28,61,9
28,63,9
28,65,15
28,68,7
28,69,1
28,71,18
28,73,7
28,74,2
28,75,15
28,76,19
28,79,19
28,83,14
28,85,14
28,86,6
28,88,20
28,89,5
28,90,2
28,91,12
28,92,4
28,93,12
28,96,17
28,97,1
28,98,13
28,100,5
28,101,7
28,103,7
28,105,11
28,106,2
28,107,15
28,108,6
28,109,9
28,110,7
28,111,16
28,112,15
28,113,3
28,115,18
28,118,8
28,119,9
29,31,6
29,32,16
29,34,9
29,35,8
29,36,20
29,37,8
29,38,19
29,39,19
29,40,10
29,41,4
29,42,4
29,43,20
29,44,20
29,45,14
29,46,16
29,47,14
29,48,2
29,49,19
29,50,7
29,51,20
29,52,20
29,53,17
29,55,18
29,56,1
29,57,12
29,59,16
29,62,8
29,63,10
29,65,5
29,66,9
29,67,9
29,68,11
29,69,17
29,70,16
29,71,13
29,72,20
29,73,14
29,74,9
29,76,9
29,77,16
29,78,14
29,80,18
29,81,5
29,82,8
29,84,1
29,85,9
29,87,18
29,88,17
29,89,1
29,90,17
29,91,9
29,92,8
29,93,19
29,94,3
29,95,14
29,96,19
29,97,17
29,98,8
29,99,15
29,100,1
29,101,17
29,102,20
29,103,15
29,104,15
29,105,14
29,108,3
29,111,8
29,112,12
29,113,9
29,115,19
29,117,4
29,118,8
29,119,2
30,31,19
30,32,10
30,33,11
30,34,7
30,35,1
30,36,16
30,40,17
30,41,2
30,42,20
30,43,17
30,44,20
30,45,3
30,46,2
30,47,3
30,48,20
30,49,3
30,51,6
30,55,7
30,56,17
30,57,1
30,58,17
30,59,7
30,60,7
30,61,9
30,63,16
30,64,9
30,66,14
30,67,7
30,68,2
30,69,18
30,70,3
30,71,3
30,72,14
30,73,18
30,74,1
30,75,3
30,76,2
30,77,7
30,79,5
30,81,8
30,82,20
30,83,6
30,84,15
30,86,17
30,87,6
30,89,18
30,91,19
30,92,16
30,93,13
30,96,15
30,98,10
30,99,6
30,100,6
30,101,3
30,102,11
30,104,15
30,105,19
30,107,4
30,108,9
30,109,14
30,110,17
30,111,14
30,112,10
30,114,10
30,117,3
30,119,19
31,32,7
31,33,17
31,35,2
31,36,3
31,38,14
31,40,4
31,43,5
31,44,2
31,45,6
31,46,12
31,47,11
31,48,10
31,49,14
31,50,18
31,51,7
31,52,11
31,53,11
31,56,14
31,58,15
31,60,3
31,65,17
31,66,5
31,67,15
31,69,9
31,70,13
31,71,20
31,72,7
31,73,18
31,74,4
31,76,20
31,77,3
31,78,14
31,79,3
31,80,19
31,82,7
31,85,9
31,86,7
31,88,16
31,89,16
31,90,20
31,91,19
31,93,6
31,94,9
31,95,7
31,96,10
31,97,18
31,98,17
31,99,18
31,100,12
31,102,2
31,103,11
31,105,12
31,106,4
31,107,8
31,108,3
31,109,3
31,110,8
31,111,13
31,113,7
31,117,15
31,118,20
31,119,10
32,33,4
32,35,6
32,37,20
32,38,11
32,39,12
32,41,7
32,42,6
32,43,1
32,44,16
32,45,6
32,47,14
32,49,15
32,51,8
32,53,14
32,54,16
32,56,12
32,57,3
32,58,5
32,59,5
32,63,1
32,65,13
32,67,7
32,68,8
32,70,3
32,73,3
32,74,17
32,76,6
32,77,1
32,78,1
32,79,11
32,80,2
32,81,19
32,83,16
32,85,14
32,86,1
32,87,3
32,88,16
32,89,20
32,92,2
32,93,10
32,94,2
32,95,18
32,99,2
32,102,19
32,104,18
32,105,14
32,107,8
32,108,5
32,110,20
32,111,12
32,113,11
32,114,15
32,115,12
32,116,3
32,118,18
33,34,20
33,35,15
33,36,9
33,39,3
33,41,9
33,44,10
33,46,14
33,49,12
33,50,18
33,51,1
33,52,1
33,54,10
33,57,6
33,59,10
33,60,11
33,62,12
33,65,15
33,66,19
33,67,11
33,68,2
33,69,8
33,70,6
33,72,13
33,74,2
33,75,8
33,76,19
33,78,16
33,79,6
33,84,3
33,85,20
33,86,9
33,87,15
33,89,7
33,90,13
33,91,6
33,93,18
33,94,15
33,95,20
33,97,15
33,98,1
33,99,17
33,100,2
33,101,11
33,103,10
33,105,14
33,106,1
33,107,11
33,108,20
33,109,9
33,110,13
33,113,9
33,114,14
33,115,11
33,116,17
33,118,9
34,35,20
34,36,19
34,37,9
34,38,1
34,39,14
34,42,15
34,43,9
34,44,15
34,47,13
34,48,11
34,55,7
34,57,6
34,58,4
34,59,9
34,61,3
34,62,19
34,64,2
34,65,2
34,70,1
34,71,8
34,73,4
34,74,9
34,75,8
34,76,7
34,78,1
34,79,5
34,83,16
34,84,16
34,86,11
34,87,7
34,94,5
34,96,5
34,98,20
34,100,16
34,101,5
34,103,7
34,104,4
34,105,2
34,106,11
34,107,15
34,109,15
34,110,13
34,111,3
34,112,8
34,113,20
34,114,17
34,115,16
34,117,3
34,119,10
35,36,3
35,37,2
35,38,20
35,39,1
35,41,6
35,42,17
35,43,1
35,44,16
35,45,3
35,46,4
35,47,5
35,48,15
35,49,20
35,50,16
35,51,10
35,53,3
35,54,15
35,55,10
35,56,20
35,57,5
35,58,5
35,59,10
35,60,18
35,61,13
35,62,1
35,64,11
35,65,20
35,66,8
35,68,9
35,69,12
35,70,7
35,72,5
35,74,12
35,75,16
35,76,11
35,77,10
35,80,9
35,82,16
35,83,7
35,86,18
35,87,20
35,89,12
35,92,20
35,93,19
35,94,8
35,95,12
35,96,20
35,98,20
35,99,19
35,100,8
35,102,13
35,104,2
35,105,7
35,109,14
35,112,8
35,114,14
35,115,4
35,116,18
35,118,6
35,119,14
36,37,9
36,38,6
36,39,5
36,42,20
36,43,8
36,44,15
36,46,7
36,47,18
36,49,19
36,50,11
36,51,2
36,53,12
36,55,10
36,56,2
36,57,2
36,58,9
36,62,6
36,63,11
36,66,20
36,69,1
36,71,5
36,72,20
36,73,19
36,74,14
36,75,5
36,76,18
36,77,17
36,78,13
36,80,5
36,82,17
36,83,3
36,84,20
36,85,15
36,86,10
36,87,4
36,90,17
36,92,19
36,93,16
36,94,6
36,95,13
36,97,18
36,100,2
36,101,10
36,102,20
36,103,3
36,105,4
36,106,3
36,107,9
36,108,5
36,109,4
36,111,7
36,112,3
36,113,2
36,114,4
36,117,6
37,38,14
37,39,18
37,40,12
37,42,19
37,43,4
37,44,6
37,46,10
37,47,15
37,48,7
37,49,9
37,51,15
37,54,16
37,55,10
37,56,17
37,57,16
37,58,15
37,59,20
37,61,15
37,62,3
37,63,10
37,64,12
37,65,2
37,67,7
37,68,17
37,70,14
37,71,6
37,74,3
37,76,1
37,79,11
37,80,4
37,84,9
37,85,16
37,86,16
37,87,14
37,88,16
37,89,15
37,90,11
37,92,20
37,93,3
37,94,8
37,95,17
37,96,6
37,98,11
37,99,5
37,100,13
37,102,16
37,103,10
37,104,8
37,105,6
37,106,7
37,108,9
37,109,19
37,112,19
37,113,16
37,114,17
37,115,19
37,116,8
37,117,9
37,119,18
38,39,12
38,40,8
38,42,3
38,44,8
38,46,12
38,47,18
38,48,11
38,50,18
38,52,7
38,53,16
38,54,14
38,56,7
38,57,6
38,58,14
38,59,19
38,60,6
38,61,3
38,62,20
38,63,15
38,64,15
38,65,11
38,66,7
38,67,18
38,68,10
38,69,18
38,70,17
38,72,10
38,73,20
38,74,4
38,76,20
38,79,11
38,80,8
38,81,15
38,82,18
38,83,3
38,84,15
38,85,8
38,86,6
38,88,1
38,90,13
38,91,1
38,92,20
38,94,4
38,95,12
38,96,4
38,97,10
38,98,1
38,99,12
38,100,12
38,101,19
38,102,8
38,103,18
38,104,2
38,106,2
38,107,12
38,108,9
38,112,13
38,113,15
38,114,11
38,115,13
38,116,6
38,118,8
39,42,20
39,43,12
39,44,1
39,45,14
39,46,12
39,47,7
39,48,16
39,49,9
39,51,8
39,54,8
39,57,13
39,58,16
39,59,11
39,60,2
39,61,15
39,62,16
39,63,5
39,66,10
39,67,13
39,68,7
39,69,4
39,70,20
39,72,8
39,73,8
39,74,18
39,75,14
39,76,12
39,77,3
39,78,19
39,79,14
39,82,20
39,83,9
39,84,5
39,85,17
39,86,17
39,87,10
39,88,1
39,89,1
39,91,18
39,92,1
39,93,7
39,96,7
39,97,9
39,98,14
39,99,20
39,102,20
39,104,10
39,106,7
39,107,7
39,108,2
39,111,9
39,113,13
39,114,1
39,115,15
39,116,1
39,117,14
39,119,17
40,42,6
40,43,19
40,44,19
40,45,10
40,46,19
40,47,17
40,49,16
40,50,8
40,51,12
40,52,4
40,54,1
40,55,13
40,58,17
40,60,2
40,61,15
40,62,19
40,63,6
40,66,7
40,68,1
40,69,17
40,70,7
40,71,15
40,73,16
40,74,14
40,75,11
40,76,16
40,77,12
40,78,4
40,79,11
40,81,10
40,83,5
40,85,19
40,86,19
40,87,7
40,88,8
40,89,16
40,90,10
40,92,4
40,93,3
40,94,17
40,95,8
40,97,19
40,98,7
40,101,3
40,102,6
40,104,20
40,105,19
40,107,5
40,108,19
40,109,13
40,110,10
40,111,15
40,112,11
40,113,6
40,114,13
40,116,18
40,117,11
40,118,17
40,119,17
41,43,12
41,44,5
41,49,15
41,50,13
41,51,17
41,52,16
41,54,15
41,55,20
41,56,11
41,57,2
41,59,2
41,60,10
41,61,12
41,62,7
41,65,3
41,66,8
41,67,13
41,68,6
41,72,17
41,73,7
41,74,20
41,75,3
41,76,19
41,78,17
41,79,17
41,83,4
41,85,1
41,87,13
41,89,19
41,94,11
41,95,8
41,96,6
41,97,19
41,98,19
41,101,19
41,103,5
41,104,4
41,105,14
41,106,15
41,107,10
41,108,12
41,109,13
41,110,14
41,111,8
41,115,9
41,116,20
41,118,4
42,44,1
42,47,19
42,49,17
42,50,16
42,51,6
42,54,8
42,55,12
42,57,8
42,59,11
42,61,18
42,66,19
42,67,16
42,69,19
42,70,11
42,71,20
42,72,14
42,73,18
42,74,4
42,75,4
42,76,19
42,77,6
42,79,12
42,81,9
42,82,20
42,83,18
42,86,5
42,87,3
42,88,5
42,90,3
42,91,14
42,92,6
42,96,13
42,97,5
42,99,6
42,100,19
42,101,20
42,102,5
42,103,4
42,105,4
42,106,16
42,108,16
42,110,12
42,115,19
42,116,19
42,117,11
42,118,14
42,119,2
43,46,19
43,48,15
43,49,20
43,51,17
43,53,14
43,54,2
43,55,9
43,56,20
43,58,17
43,61,10
43,62,11
43,63,16
43,64,17
43,66,5
43,67,19
43,68,4
43,69,7
43,70,2
43,74,5
43,75,1
43,76,8
43,77,16
43,78,9
43,80,16
43,81,2
43,82,19
43,83,20
43,86,11
43,87,11
43,89,16
43,90,11
43,91,12
43,93,18
43,94,8
43,95,8
43,97,6
43,98,4
43,99,20
43,100,3
43,101,19
43,103,6
43,104,7
43,105,1
43,106,13
43,107,9
43,108,3
43,109,4
43,110,14
43,114,5
43,115,20
43,116,15
43,118,14
43,119,20
44,46,16
44,51,19
44,52,16
44,53,9
44,54,12
44,55,7
44,56,1
44,58,5
44,60,20
44,62,8
44,64,18
44,65,5
44,66,9
44,67,20
44,68,11
44,69,12
44,70,4
44,72,6
44,74,16
44,76,15
44,80,1
44,81,18
44,82,2
44,83,10
44,84,11
44,85,17
44,86,18
44,88,9
44,89,17
44,90,2
44,91,16
44,92,11
44,93,7
44,95,17
44,96,12
44,97,4
44,99,16
44,100,6
44,102,18
44,103,10
44,104,8
44,105,5
44,106,13
44,107,17
44,108,12
44,109,7
44,110,20
44,111,10
44,112,15
44,114,2
44,115,12
44,119,8
45,46,13
45,47,20
45,48,7
45,50,18
45,51,1
45,53,7
45,54,20
45,55,10
45,56,18
45,57,11
45,60,2
45,61,10
45,62,14
45,63,18
45,64,1
45,67,5
45,68,5
45,69,15
45,70,10
45,71,13
45,73,16
45,74,10
45,75,14
45,76,5
45,77,8
45,78,2
45,80,19
45,81,15
45,82,8
45,83,14
45,86,6
45,87,14
45,88,9
45,89,8
45,90,15
45,91,18
45,92,20
45,93,16
45,94,8
45,97,6
45,98,4
45,99,1
45,100,20
45,101,4
45,102,5
45,103,1
45,104,4
45,107,7
45,108,18
45,109,7
45,110,15
45,111,6
45,112,19
45,117,15
45,119,1
46,48,17
46,50,5
46,51,5
46,52,20
46,54,17
46,55,12
46,56,9
46,57,19
46,58,13
46,60,11
46,61,19
46,62,1
46,63,18
46,64,6
46,66,20
46,67,2
46,72,16
46,73,6
46,74,11
46,75,16
46,76,20
46,77,20
46,78,19
46,79,3
46,80,5
46,81,3
46,82,10
46,84,14
46,86,18
46,87,5
46,88,17
46,89,2
46,92,1
46,93,19
46,94,9
46,96,17
46,97,12
46,102,3
46,103,17
46,105,10
46,106,5
46,110,7
46,111,3
46,112,20
46,115,9
46,119,20
47,48,8
47,50,18
47,52,15
47,53,15
47,54,11
47,55,13
47,56,17
47,57,17
47,58,11
47,59,14
47,60,14
47,61,9
47,62,14
47,63,13
47,64,7
47,65,7
47,66,12
47,67,14
47,69,2
47,71,12
47,72,8
47,73,19
47,74,17
47,76,7
47,77,14
47,79,3
47,80,1
47,82,13
47,83,15
47,84,13
47,86,3
47,87,2
47,88,6
47,89,16
47,90,15
47,91,4
47,92,10
47,93,7
47,94,12
47,95,19
47,96,5
47,97,4
47,99,18
47,100,19
47,102,11
47,104,15
47,106,3
47,107,14
47,108,10
47,109,6
47,110,2
47,111,9
47,112,1
47,113,19
47,114,7
47,116,9
47,117,20
47,118,2
47,119,5
48,50,5
48,51,2
48,52,19
48,54,6
48,55,17
48,56,1
48,57,5
48,61,13
48,62,14
48,63,12
48,67,18
48,68,2
48,69,4
48,70,19
48,71,8
48,72,5
48,74,7
48,76,14
48,80,5
48,81,4
48,83,15
48,84,18
48,85,10
48,86,20
48,87,6
48,88,1
48,89,17
48,90,8
48,91,10
48,92,11
48,93,1
48,94,14
48,98,2
48,99,18
48,100,12
48,101,14
48,102,15
48,103,3
48,104,20
48,105,14
48,107,1
48,109,11
48,110,19
48,113,13
48,115,12
48,117,2
48,118,7
48,119,1
49,51,11
49,52,4
49,53,10
49,55,19
49,56,7
49,58,11
49,59,3
49,60,19
49,61,6
49,62,3
49,63,1
49,65,2
49,67,7
49,68,2
49,69,5
49,72,5
49,74,13
49,75,16
49,76,8
49,77,5
49,78,9
49,82,18
49,83,19
49,84,1
49,85,16
49,86,19
49,89,17
49,91,14
49,93,10
49,94,8
49,95,9
49,96,14
49,98,6
49,100,19
49,102,6
49,103,15
49,104,11
49,106,15
49,108,13
49,110,4
49,113,20
49,115,20
49,116,17
49,117,6
49,118,5
50,51,6
50,52,5
50,53,8
50,54,17
50,55,1
50,56,9
50,58,1
50,59,20
50,60,20
50,61,2
50,62,3
50,63,4
50,64,16
50,66,11
50,67,14
50,68,12
50,69,17
50,70,16
50,73,10
50,74,2
50,76,11
50,77,20
50,78,6
50,79,9
50,80,19
50,81,11
50,83,1
50,84,2
50,85,13
50,86,10
50,87,3
50,88,20
50,90,16
50,92,3
50,93,11
50,94,5
50,95,2
50,96,9
50,97,7
50,98,15
50,100,2
50,101,12
50,103,14
50,106,17
50,107,15
50,109,1
50,110,2
50,111,7
50,112,19
50,113,5
50,114,16
50,115,8
50,116,20
50,119,19
51,52,13
51,53,19
51,56,2
51,57,12
51,58,19
51,59,14
51,63,3
51,65,17
51,67,2
51,68,12
51,70,6
51,72,7
51,73,17
51,74,13
51,75,14
51,76,2
51,78,8
51,80,11
51,83,11
51,85,18
51,87,20
51,89,7
51,90,3
51,92,15
51,93,15
51,95,11
51,97,20
51,98,15
51,99,6
51,101,13
51,102,1
51,103,20
51,104,3
51,105,8
51,106,16
51,108,17
51,110,7
51,112,3
51,113,2
51,114,10
51,115,5
51,116,12
51,117,18
51,118,7
51,119,5
52,53,11
52,54,12
52,55,7
52,56,18
52,57,13
52,62,13
52,63,9
52,64,14
52,65,20
52,66,20
52,67,17
52,69,14
52,71,11
52,72,20
52,73,1
52,74,13
52,75,13
52,76,6
52,78,18
52,79,17
52,80,1
52,81,14
52,82,1
52,83,18
52,84,14
52,86,5
52,91,1
52,92,12
52,93,1
52,94,3
52,95,14
52,99,11
52,100,2
52,101,15
52,103,3
52,105,7
52,107,3
52,111,2
52,112,13
52,113,7
52,117,7
52,118,10
52,119,11
53,54,3
53,55,3
53,60,2
53,61,13
53,62,11
53,63,15
53,64,11
53,65,8
53,66,17
53,68,13
53,69,5
53,71,18
53,72,6
53,73,1
53,74,3
53,75,14
53,76,9
53,78,3
53,80,3
53,81,12
53,82,2
53,83,10
53,84,7
53,86,5
53,87,12
53,88,19
53,90,7
53,91,8
53,92,16
53,93,8
53,94,19
53,95,11
53,96,1
53,98,8
53,99,18
53,100,10
53,102,15
53,103,9
53,104,7
53,106,18
53,107,12
53,108,2
53,109,16
53,110,8
53,111,17
53,112,18
53,113,10
53,116,4
53,118,20
53,119,6
54,55,20
54,56,3
54,58,3
54,60,4
54,63,13
54,64,9
54,66,9
54,67,14
54,68,5
54,69,10
54,70,8
54,71,4
54,72,16
54,73,20
54,75,15
54,76,7
54,77,7
54,79,9
54,80,11
54,81,13
54,82,7
54,83,8
54,85,12
54,86,11
54,87,10
54,88,12
54,89,14
54,90,13
54,91,18
54,93,2
54,94,18
54,95,7
54,96,5
54,97,1
54,98,12
54,100,17
54,101,4
54,102,8
54,104,17
54,105,5
54,107,6
54,108,2
54,109,3
54,110,16
54,111,15
54,112,13
54,117,4
54,119,15
55,56,20
55,58,8
55,59,20
55,60,20
55,63,18
55,65,14
55,67,5
55,68,19
55,70,16
55,71,7
55,72,4
55,73,10
55,75,5
55,76,20
55,78,8
55,79,18
55,81,15
55,84,19
55,85,14
55,87,19
55,88,7
55,89,14
55,90,1
55,91,7
55,92,1
55,94,8
55,95,19
55,96,11
55,97,17
55,100,5
55,101,19
55,103,8
55,104,20
55,105,12
55,106,5
55,107,16
55,108,12
55,109,9
55,110,14
55,113,3
55,115,7
55,118,17
55,119,18
56,60,16
56,63,3
56,64,6
56,65,18
56,66,16
56,68,1
56,69,5
56,70,10
56,71,7
56,72,17
56,74,16
56,75,2
56,76,12
56,77,10
56,79,9
56,80,14
56,81,16
56,83,14
56,84,10
56,85,9
56,86,9
56,87,3
56,88,17
56,89,17
56,92,15
56,93,18
56,95,5
56,96,12
56,98,11
56,103,20
56,104,12
56,105,1
56,106,5
56,108,11
56,109,13
56,110,9
56,112,17
56,113,20
56,114,13
56,115,12
56,116,11
56,117,14
56,118,4
56,119,10
57,58,2
57,60,12
57,61,17
57,62,15
57,63,5
57,65,9
57,66,9
57,68,14
57,69,20
57,71,14
57,72,3
57,74,19
57,75,17
57,76,8
57,78,8
57,79,2
57,80,16
57,82,7
57,83,10
57,85,20
57,86,14
57,87,4
57,89,4
57,90,13
57,91,1
57,94,6
57,95,6
57,96,7
57,97,3
57,98,6
57,99,6
57,100,16
57,101,15
57,102,11
57,103,3
57,104,14
57,105,5
57,106,1
57,107,20
57,108,8
57,109,1
57,110,18
57,111,17
57,114,3
57,115,8
57,116,1
57,117,11
57,118,1
57,119,9
58,59,16
58,60,6
58,61,19
58,62,20
58,64,13
58,65,7
58,66,19
58,69,10
58,70,11
58,73,18
58,74,16
58,75,2
58,76,8
58,77,8
58,78,10
58,79,7
58,80,6
58,81,16
58,83,9
58,84,14
58,85,12
58,86,13
58,87,4
58,88,17
58,90,5
58,91,6
58,95,16
58,96,2
58,97,8
58,100,13
58,102,17
58,103,1
58,104,17
58,105,4
58,106,14
58,109,8
58,110,14
58,111,5
58,112,5
58,113,9
58,116,10
58,117,17
58,118,20
59,61,9
59,63,2
59,64,7
59,65,14
59,67,6
59,68,20
59,69,4
59,70,11
59,71,19
59,72,18
59,73,19
59,74,7
59,77,12
59,78,14
59,79,8
59,82,18
59,83,17
59,84,9
59,85,11
59,87,13
59,88,6
59,90,8
59,91,17
59,92,1
59,93,19
59,97,20
59,98,3
59,99,18
59,100,16
59,101,3
59,102,11
59,105,20
59,108,18
59,110,12
59,114,5
59,115,8
59,116,8
59,117,6
59,118,6
59,119,4
60,61,6
60,64,8
60,65,10
60,66,15
60,67,7
60,70,20
60,71,17
60,72,11
60,73,11
60,74,3
60,76,16
60,77,12
60,79,12
60,80,12
60,81,14
60,82,13
60,84,5
60,85,12
60,86,3
60,89,10
60,90,2
60,94,9
60,95,10
60,96,19
60,97,10
60,98,1
60,100,13
60,101,14
60,102,8
60,103,1
60,105,2
60,107,7
60,108,16
60,110,18
60,111,3
60,112,17
60,113,9
60,115,16
60,118,17
60,119,5
61,62,15
61,63,20
61,65,8
61,66,4
61,67,17
61,68,6
61,69,1
61,71,2
61,72,7
61,73,15
61,74,3
61,75,18
61,76,15
61,77,15
61,78,17
61,80,5
61,81,10
61,82,8
61,83,7
61,84,7
61,85,7
61,86,10
61,89,4
61,90,2
61,91,5
61,95,12
61,97,8
61,98,8
61,99,2
61,101,16
61,103,9
61,105,1
61,106,16
61,107,16
61,108,19
61,110,11
61,112,11
61,113,2
61,114,7
61,116,12
61,117,16
61,118,9
62,64,16
62,65,10
62,66,10
62,68,2
62,69,5
62,71,9
62,72,11
62,73,3
62,74,17
62,76,9
62,77,17
62,78,11
62,79,8
62,81,14
62,82,18
62,83,16
62,85,1
62,86,14
62,87,6
62,89,3
62,90,12
62,93,10
62,95,9
62,96,3
62,98,7
62,99,5
62,100,16
62,101,9
62,104,7
62,106,13
62,107,2
62,108,4
62,111,7
62,112,16
62,113,7
62,114,8
62,115,10
62,116,3
62,118,2
62,119,14
63,64,17
63,65,4
63,66,10
63,67,12
63,68,17
63,69,14
63,70,17
63,71,17
63,72,17
63,73,14
63,74,13
63,75,20
63,76,7
63,77,5
63,78,2
63,83,14
63,87,17
63,88,8
63,89,8
63,91,10
63,92,11
63,93,10
63,94,14
63,95,18
63,96,8
63,97,20
63,99,2
63,101,16
63,103,2
63,105,7
63,108,7
63,109,1
63,110,20
63,111,5
63,112,16
63,114,9
63,115,15
63,116,1
63,117,14
64,67,13
64,69,13
64,71,5
64,72,19
64,73,14
64,74,16
64,76,5
64,77,19
64,78,12
64,79,11
64,80,12
64,81,6
64,82,14
64,85,14
64,86,17
64,88,20
64,90,5
64,91,8
64,92,19
64,96,11
64,97,12
64,98,6
64,99,18
64,100,5
64,102,9
64,103,18
64,104,19
64,105,9
64,106,16
64,108,16
64,109,13
64,110,17
64,111,17
64,112,4
64,113,14
64,115,14
64,116,20
64,117,1
64,118,3
64,119,10
65,66,11
65,67,20
65,68,11
65,69,5
65,70,9
65,71,16
65,72,9
65,73,14
65,74,17
65,75,11
65,76,8
65,77,10
65,79,16
65,81,17
65,82,14
65,83,3
65,84,16
65,85,18
65,87,6
65,88,11
65,89,19
65,90,8
65,91,4
65,92,4
65,93,4
65,95,5
65,96,20
65,99,16
65,102,15
65,103,9
65,104,16
65,107,2
65,111,16
65,112,5
65,113,19
65,114,6
65,115,19
65,116,13
65,117,3
65,118,7
65,119,3
66,68,18
66,69,13
66,70,19
66,71,3
66,72,14
66,73,18
66,75,15
66,77,2
66,79,12
66,80,8
66,81,14
66,84,6
66,85,18
66,86,20
66,88,14
66,90,17
66,91,14
66,92,14
66,93,17
66,94,12
66,95,19
66,96,18
66,99,10
66,100,12
66,101,18
66,102,12
66,103,11
66,104,3
66,105,18
66,106,19
66,107,14
66,108,1
66,110,11
66,111,4
66,112,10
66,117,4
66,118,6
66,119,20
67,69,12
67,70,15
67,72,8
67,76,19
67,78,14
67,79,20
67,80,19
67,81,18
67,83,15
67,84,7
67,85,11
67,87,2
67,89,1
67,90,7
67,91,18
67,92,18
67,93,9
67,94,2
67,95,2
67,96,12
67,98,9
67,99,14
67,100,18
67,101,15
67,102,18
67,103,5
67,104,6
67,106,8
67,107,3
67,108,10
67,109,10
67,110,18
67,111,11
67,114,1
67,115,15
67,117,7
67,118,12
67,119,8
68,69,10
68,70,5
68,71,17
68,72,11
68,73,3
68,74,13
68,75,7
68,77,3
68,79,11
68,80,2
68,83,2
68,84,14
68,85,2
68,87,9
68,89,10
68,90,8
68,91,10
68,94,7
68,95,1
68,97,1
68,98,18
68,100,3
68,101,15
68,102,18
68,103,9
68,104,3
68,105,12
68,108,15
68,109,10
68,112,6
68,114,20
68,116,18
68,117,17
68,118,20
69,70,8
69,72,18
69,73,5
69,74,17
69,75,5
69,78,16
69,79,14
69,80,14
69,82,18
69,83,4
69,84,15
69,85,14
69,88,14
69,89,16
69,90,9
69,91,10
69,93,8
69,95,2
69,96,17
69,101,16
69,104,7
69,105,2
69,106,3
69,107,10
69,111,15
69,112,4
69,114,3
69,115,16
69,116,4
69,117,14
69,118,17
70,71,10
70,72,19
70,74,6
70,75,3
70,76,7
70,77,17
70,78,4
70,81,16
70,82,1
70,83,5
70,84,7
70,85,2
70,86,4
70,87,7
70,88,16
70,89,8
70,90,8
70,91,8
70,93,10
70,94,10
70,95,1
70,96,10
70,97,20
70,98,8
70,99,5
70,100,12
70,101,15
70,102,7
70,103,1
70,104,20
70,105,3
70,106,6
70,107,19
70,108,17
70,109,20
70,110,11
70,111,7
70,112,5
70,114,12
70,115,18
70,116,13
70,119,18
71,74,10
71,75,10
71,76,1
71,77,11
71,79,2
71,80,7
71,82,15
71,83,9
71,84,6
71,85,5
71,86,11
71,87,18
71,88,7
71,89,16
71,90,12
71,91,12
71,92,13
71,94,12
71,95,13
71,96,10
71,98,14
71,99,3
71,100,12
71,101,18
71,102,17
71,103,20
71,105,8
71,106,12
71,107,12
71,108,19
71,109,9
71,111,15
71,112,6
71,113,14
71,114,9
71,116,17
71,117,17
71,118,8
71,119,16
72,73,13
72,74,6
72,75,13
72,76,15
72,77,8
72,78,4
72,79,8
72,82,11
72,83,18
72,84,4
72,85,7
72,86,12
72,87,10
72,88,11
72,90,6
72,91,12
72,93,7
72,94,7
72,95,10
72,96,4
72,98,17
72,100,16
72,101,13
72,102,14
72,103,17
72,105,20
72,106,14
72,107,3
72,109,14
72,111,13
72,113,14
72,116,19
72,117,4
72,118,19
73,74,12
73,75,20
73,76,4
73,77,13
73,78,18
73,79,8
73,80,4
73,81,10
73,82,10
73,84,20
73,86,4
73,87,16
73,88,16
73,89,17
73,90,1
73,91,11
73,92,3
73,93,2
73,94,16
73,95,5
73,96,13
73,97,15
73,98,16
73,99,16
73,100,7
73,101,20
73,103,12
73,104,19
73,105,2
73,106,18
73,108,18
73,110,2
73,111,8
73,113,13
73,114,14
73,115,13
73,116,6
73,117,16
73,119,10
74,75,3
74,76,14
74,79,5
74,81,9
74,85,5
74,86,19
74,90,19
74,91,2
74,93,7
74,96,4
74,100,13
74,101,17
74,102,14
74,106,16
74,107,9
74,108,13
74,111,3
74,112,1
74,113,2
74,115,17
74,117,17
74,118,19
74,119,10
75,76,3
75,77,11
75,79,20
75,80,10
75,81,18
75,83,10
75,84,20
75,85,11
75,86,6
75,88,14
75,89,11
75,90,2
75,91,1
75,92,7
75,93,4
75,94,14
75,95,12
75,97,9
75,98,4
75,100,10
75,101,6
75,103,16
75,104,6
75,106,17
75,107,4
75,109,8
75,110,16
75,114,5
75,116,16
75,118,15
76,80,13
76,82,16
76,83,11
76,85,11
76,87,12
76,88,13
76,89,20
76,93,7
76,94,1
76,95,3
76,96,10
76,97,4
76,98,2
76,100,10
76,101,12
76,102,1
76,104,19
76,105,9
76,106,13
76,108,16
76,109,13
76,111,12
76,112,17
76,113,5
76,115,6
76,116,2
76,117,9
76,119,1
77,78,14
77,79,13
77,80,17
77,82,8
77,83,7
77,84,5
77,85,3
77,86,18
77,87,18
77,88,1
77,89,7
77,92,13
77,93,4
77,95,9
77,96,18
77,98,20
77,99,18
77,100,4
77,101,14
77,102,20
77,104,12
77,105,16
77,106,10
77,108,2
77,109,18
77,111,1
77,112,7
77,113,5
77,114,12
77,115,20
77,116,16
77,118,19
78,79,3
78,80,2
78,81,8
78,82,14
78,83,13
78,84,2
78,85,11
78,87,3
78,88,14
78,90,14
78,92,8
78,93,5
78,95,1
78,96,19
78,99,20
78,101,11
78,102,2
78,105,2
78,106,14
78,107,13
78,108,14
78,111,11
78,112,5
78,114,19
78,115,7
78,119,7
79,80,14
79,81,1
79,83,14
79,85,19
79,88,12
79,89,17
79,90,12
79,91,19
79,93,7
79,94,3
79,95,6
79,97,7
79,98,5
79,100,13
79,101,8
79,102,7
79,103,15
79,104,1
79,105,13
79,106,15
79,107,5
79,108,19
79,109,13
79,110,12
79,111,18
79,112,16
79,113,5
79,114,2
79,115,19
79,116,9
79,117,7
79,118,5
79,119,11
80,81,3
80,84,12
80,85,3
80,87,20
80,88,19
80,89,18
80,92,12
80,94,19
80,95,12
80,96,15
80,97,9
80,101,9
80,103,8
80,106,11
80,107,8
80,108,13
80,110,17
80,111,17
80,112,2
80,113,19
80,114,12
80,116,3
80,117,2
80,119,8
81,82,10
81,84,14
81,85,17
81,86,12
81,87,12
81,90,4
81,92,9
81,93,14
81,94,11
81,95,6
81,96,16
81,97,7
81,98,4
81,99,19
81,100,13
81,104,14
81,105,11
81,106,13
81,108,18
81,110,7
81,112,19
81,113,19
81,114,17
81,115,6
81,116,2
81,117,9
81,118,16
81,119,19
82,84,4
82,85,13
82,86,12
82,87,9
82,88,10
82,90,14
82,92,9
82,93,15
82,95,3
82,97,9
82,98,14
82,99,10
82,100,11
82,101,7
82,104,5
82,107,11
82,108,3
82,109,15
82,111,19
82,112,4
82,114,8
82,115,7
82,116,8
82,117,10
82,118,14
82,119,13
83,84,18
83,85,11
83,88,20
83,89,9
83,92,5
83,95,14
83,96,1
83,97,17
83,98,4
83,99,1
83,100,14
83,101,12
83,102,2
83,103,12
83,106,15
83,107,14
83,110,5
83,111,7
83,114,17
83,115,1
83,116,9
83,117,20
83,118,13
83,119,12
84,85,8
84,86,13
84,87,7
84,88,7
84,90,17
84,91,10
84,93,19
84,95,10
84,96,3
84,98,9
84,99,17
84,100,15
84,101,9
84,102,3
84,103,14
84,104,3
84,106,3
84,108,6
84,109,9
84,110,3
84,111,16
84,113,16
84,114,14
84,115,16
84,116,6
84,119,1
85,86,16
85,87,12
85,89,3
85,90,20
85,91,17
85,94,10
85,95,4
85,96,12
85,97,9
85,98,16
85,99,5
85,101,7
85,102,4
85,104,19
85,106,4
85,107,11
85,108,5
85,110,13
85,111,6
85,113,7
85,115,13
85,116,2
85,117,2
85,118,10
85,119,14
86,88,16
86,89,2
86,91,12
86,92,8
86,94,7
86,96,7
86,97,8
86,98,2
86,99,16
86,100,18
86,102,19
86,103,3
86,105,9
86,106,7
86,107,2
86,112,1
86,113,19
86,114,6
86,116,16
86,117,7
86,119,1
87,88,10
87,90,10
87,91,14
87,92,12
87,93,3
87,94,14
87,95,5
87,96,2
87,97,19
87,98,10
87,99,4
87,100,14
87,102,9
87,103,9
87,104,5
87,105,3
87,106,17
87,107,10
87,108,20
87,109,15
87,110,19
87,112,16
87,113,16
87,114,18
87,115,6
87,116,2
87,118,16
87,119,7
88,89,16
88,90,15
88,91,5
88,92,1
88,93,1
88,94,9
88,101,6
88,103,5
88,104,20
88,106,2
88,107,15
88,109,9
88,110,4
88,111,9
88,113,17
88,114,6
88,115,1
88,116,20
88,118,10
89,90,11
89,91,5
89,93,18
89,94,6
89,96,18
89,97,13
89,99,20
89,101,19
89,103,15
89,104,7
89,105,10
89,106,4
89,107,7
89,108,20
89,111,17
89,112,2
89,113,14
89,114,14
89,115,3
89,116,17
89,117,15
89,119,1
90,91,19
90,93,12
90,95,12
90,96,3
90,97,9
90,98,13
90,100,8
90,101,16
90,102,10
90,103,20
90,105,8
90,106,12
90,107,5
90,108,16
90,109,15
90,110,2
90,111,15
90,112,3
90,113,4
90,115,16
90,118,8
90,119,7
91,92,3
91,93,18
91,94,2
91,95,13
91,96,13
91,97,9
91,99,9
91,102,2
91,105,2
91,106,10
91,107,12
91,108,1
91,109,13
91,110,3
91,112,16
91,113,18
91,114,10
91,116,18
91,117,17
91,118,18
92,93,17
92,94,3
92,95,11
92,96,18
92,97,18
92,100,11
92,104,10
92,105,4
92,106,1
92,107,16
92,108,18
92,110,9
92,111,9
92,112,9
92,114,17
92,115,6
92,116,20
92,117,18
92,119,11
93,94,8
93,96,10
93,98,2
93,102,14
93,103,13
93,105,1
93,106,8
93,107,6
93,108,8
93,109,14
93,110,11
93,112,6
93,113,4
93,114,11
93,115,4
93,116,18
93,117,14
93,118,8
93,119,12
94,95,5
94,96,12
94,97,8
94,99,17
94,100,16
94,101,15
94,102,20
94,103,16
94,106,5
94,107,8
94,109,13
94,110,5
94,111,18
94,112,17
94,113,20
94,115,16
94,116,11
94,117,3
94,118,6
94,119,20
95,96,5
95,97,15
95,98,14
95,100,19
95,101,11
95,102,18
95,104,1
95,105,11
95,106,3
95,107,12
95,108,9
95,109,1
95,110,17
95,111,20
95,112,16
95,114,5
95,115,12
95,116,20
95,117,18
95,119,4
96,99,10
96,100,7
96,102,20
96,103,16
96,104,13
96,105,5
96,106,5
96,108,5
96,109,8
96,112,17
96,113,1
96,114,9
96,115,13
96,116,19
96,117,8
96,118,17
96,119,8
97,98,8
97,99,8
97,100,18
97,101,7
97,103,20
97,104,16
97,105,1
97,107,17
97,108,16
97,109,18
97,110,18
97,111,10
97,112,12
97,114,20
97,115,11
97,118,16
97,119,13
98,99,2
98,100,6
98,101,2
98,102,3
98,104,5
98,106,14
98,107,14
98,108,6
98,109,18
98,110,4
98,111,7
98,113,19
98,115,15
98,116,17
98,117,5
98,119,15
99,100,18
99,102,15
99,103,15
99,106,15
99,107,12
99,109,6
99,110,14
99,113,13
99,114,13
99,115,6
99,117,16
99,118,5
99,119,12
100,101,7
100,102,12
100,103,13
100,105,19
100,108,11
100,110,20
100,111,11
100,112,14
100,113,15
100,114,1
100,115,1
100,116,19
100,118,1
100,119,4
101,102,19
101,105,7
101,106,7
101,108,15
101,109,6
101,110,12
101,112,6
101,113,1
101,114,6
101,115,19
101,116,15
101,117,16
101,118,6
101,119,14
102,104,15
102,108,16
102,109,20
102,110,14
102,111,19
102,113,5
102,114,12
102,115,13
102,118,6
102,119,3
103,105,3
103,106,4
103,107,12
103,109,4
103,110,2
103,111,10
103,114,14
103,115,20
103,116,2
103,117,19
103,118,9
103,119,20
104,107,19
104,110,5
104,114,15
104,115,11
104,116,16
104,117,16
104,119,3
105,107,6
105,108,2
105,109,5
105,111,12
105,112,19
105,113,19
105,115,12
105,116,13
105,117,2
105,118,3
105,119,18
106,107,16
106,108,6
106,110,14
106,111,19
106,112,3
106,113,13
106,115,4
106,117,10
106,118,11
106,119,6
107,108,7
107,110,13
107,111,10
107,112,18
107,113,19
107,115,20
107,118,6
107,119,11
108,109,15
108,111,17
108,112,8
108,113,1
108,115,9
108,116,11
108,117,1
109,110,10
109,112,14
109,114,11
109,117,9
109,118,9
109,119,16
110,111,14
110,112,17
110,113,19
110,114,11
110,115,9
110,116,10
110,118,17
110,119,16
111,112,7
111,113,10
111,114,3
111,115,17
111,116,9
111,118,16
111,119,19
112,115,17
112,116,20
112,117,18
112,119,14
113,114,1
113,115,17
113,116,11
113,117,14
113,118,14
113,119,7
114,115,8
114,116,16
114,118,14
114,119,7
115,116,6
115,117,4
115,119,16
116,118,15
117,118,4
117,119,10
118,119,12
