0,1,2
0,2,3
0,3,8
0,4,15
0,6,17
0,7,3
0,8,5
0,10,5
0,11,18
0,12,7
0,14,16
0,15,20
0,17,9
0,18,13
0,19,6
0,20,14
0,22,16
0,23,13
0,24,11
0,25,15
0,26,8
0,28,12
0,29,17
0,31,3
0,32,9
0,33,1
0,34,4
0,36,1
0,37,6
0,38,13
0,41,2
0,43,13
0,44,7
0,46,9
0,48,12
0,50,6
0,51,4
0,52,1
0,53,2
0,55,12
0,56,15
0,57,12
0,58,19
0,60,14
0,61,11
0,63,10
0,64,7
0,65,5
0,66,17
0,67,11
0,70,12
0,73,17
0,74,1
0,75,2
0,78,6
0,79,11
0,80,1
0,81,8
0,82,17
0,83,11
0,85,20
0,88,12
0,89,19
0,90,3
0,92,10
0,93,10
0,95,13
0,96,13
0,97,10
0,98,3
0,99,4
0,101,12
0,102,8
0,105,1
0,106,16
0,108,15
0,109,20
0,111,18
0,113,5
0,114,6
0,115,4
0,116,16
0,117,9
0,118,7
0,119,11
1,2,12
1,3,13
1,4,7
1,5,15
1,7,12
1,8,15
1,10,12
1,11,16
1,12,19
1,14,8
1,15,15
1,16,6
1,17,5
1,18,5
1,19,6
1,20,6
1,21,15
1,22,10
1,23,8
1,25,5
1,26,3
1,27,3
1,28,2
1,29,15
1,30,16
1,31,14
1,33,2
1,34,3
1,36,9
1,38,6
1,40,19
1,41,9
1,45,10
1,46,11
1,47,2
1,51,5
1,54,12
1,56,11
1,60,13
1,62,12
1,63,5
1,64,18
1,66,8
1,67,16
1,69,2
1,70,6
1,71,6
1,72,14
1,73,20
1,76,15
1,81,10
1,82,16
1,83,6
1,84,17
1,85,14
1,87,7
1,88,10
1,89,1
1,91,16
1,93,12
1,96,2
1,97,12
1,99,8
1,100,16
1,101,17
1,103,20
1,106,13
1,107,7
1,109,1
1,110,14
1,111,2
1,112,20
1,113,13
1,114,20
1,117,17
1,118,12
1,119,7
2,3,4
2,4,5
2,5,3
2,6,1
2,7,19
2,8,15
2,10,12
2,12,13
2,13,11
2,14,1
2,15,20
2,16,19
2,18,11
2,20,15
2,21,18
2,22,7
2,24,20
2,26,14
2,27,16
2,29,4
2,30,2
2,31,16
2,32,9
2,33,7
2,35,17
2,37,3
2,38,5
2,39,19
2,42,7
2,43,13
2,44,16
2,45,3
2,46,17
2,47,11
2,48,7
2,49,19
2,51,1
2,53,7
2,55,2
2,56,3
2,57,12
2,58,8
2,60,10
2,61,18
2,63,3
2,64,2
2,65,13
2,66,19
2,67,12
2,69,13
2,70,7
2,71,13
2,73,7
2,75,1
2,76,1
2,78,12
2,79,13
2,80,18
2,83,15
2,87,6
2,89,2
2,90,1
2,91,5
2,92,12
2,93,4
2,95,9
2,96,6
2,98,15
2,99,4
2,100,9
2,102,1
2,105,17
2,107,15
2,109,16
2,110,1
2,112,12
2,114,20
2,118,15
2,119,2
3,4,4
3,5,18
3,8,18
3,9,8
3,11,5
3,12,2
3,13,5
3,15,7
3,16,10
3,17,16
3,18,17
3,20,11
3,22,2
3,23,13
3,25,8
3,27,14
3,28,5
3,29,9
3,30,19
3,31,1
3,32,18
3,33,8
3,34,6
3,37,19
3,38,15
3,39,16
3,40,14
3,42,18
3,43,16
3,44,7
3,45,13
3,46,6
3,48,6
3,49,18
3,51,3
3,53,12
3,54,10
3,55,3
3,57,18
3,58,19
3,60,15
3,61,2
3,63,15
3,64,20
3,65,18
3,67,10
3,68,7
3,69,11
3,70,8
3,71,2
3,72,20
3,73,13
3,74,12
3,75,16
3,76,19
3,79,3
3,80,9
3,81,11
3,83,14
3,84,10
3,85,10
3,86,20
3,87,20
3,88,10
3,89,17
3,90,4
3,91,8
3,92,3
3,93,18
3,96,1
3,97,20
3,98,18
3,99,14
3,101,16
3,102,18
3,103,18
3,104,4
3,105,12
3,106,14
3,107,1
3,108,7
3,109,12
3,110,18
3,111,6
3,112,5
3,115,8
3,117,11
3,118,10
3,119,8
4,5,17
4,8,8
4,9,7
4,10,18
4,13,12
4,14,10
4,16,5
4,17,14
4,18,4
4,20,8
4,21,8
4,23,14
4,26,12
4,27,6
4,28,8
4,29,15
4,33,8
4,34,17
4,36,1
4,37,1
4,38,16
4,39,14
4,43,13
4,44,3
4,46,20
4,47,13
4,48,2
4,49,16
4,51,7
4,54,2
4,59,2
4,60,11
4,61,14
4,62,7
4,63,9
4,64,4
4,66,2
4,68,9
4,70,17
4,71,14
4,72,2
4,73,1
4,76,10
4,77,10
4,78,18
4,79,7
4,80,20
4,81,14
4,82,7
4,83,12
4,85,19
4,86,15
4,87,4
4,88,3
4,93,15
4,94,1
4,95,6
4,97,5
4,99,8
4,100,12
4,101,5
4,102,15
4,103,17
4,104,7
4,106,14
4,107,13
4,108,9
4,110,16
4,111,6
4,112,5
4,113,15
4,115,2
4,117,10
4,118,18
4,119,17
5,6,9
5,8,12
5,10,20
5,11,11
5,12,11
5,13,4
5,15,3
5,16,8
5,17,16
5,18,7
5,19,7
5,20,7
5,21,5
5,22,3
5,23,5
5,25,11
5,27,14
5,28,13
5,30,7
5,31,9
5,32,13
5,33,2
5,34,8
5,35,13
5,37,15
5,39,5
5,40,15
5,41,5
5,43,5
5,44,6
5,45,9
5,46,8
5,47,4
5,48,13
5,49,1
5,53,11
5,54,16
5,56,14
5,57,9
5,58,6
5,59,2
5,61,2
5,62,17
5,63,3
5,64,10
5,65,18
5,69,7
5,70,5
5,71,6
5,72,15
5,73,6
5,75,8
5,76,12
5,77,18
5,78,6
5,79,8
5,80,11
5,81,10
5,82,3
5,87,8
5,89,12
5,90,16
5,92,16
5,94,4
5,95,3
5,96,15
5,97,4
5,99,12
5,101,8
5,102,5
5,103,19
5,104,7
5,106,20
5,108,7
5,109,1
5,111,14
5,112,12
5,113,14
5,114,18
5,115,16
5,118,1
6,7,1
6,9,2
6,10,7
6,11,17
6,14,10
6,15,5
6,16,3
6,17,9
6,18,4
6,19,3
6,20,13
6,21,7
6,22,10
6,23,7
6,26,1
6,27,14
6,28,14
6,30,1
6,31,19
6,32,9
6,34,6
6,35,11
6,36,10
6,38,11
6,39,5
6,40,8
6,42,17
6,43,7
6,44,12
6,45,2
6,47,11
6,48,16
6,49,4
6,50,10
6,51,10
6,57,9
6,60,8
6,62,6
6,64,7
6,65,12
6,67,16
6,68,19
6,69,4
6,70,14
6,72,9
6,73,2
6,75,4
6,76,12
6,80,5
6,81,7
6,82,17
6,84,20
6,85,10
6,86,9
6,89,18
6,91,15
6,92,11
6,93,9
6,94,13
6,98,9
6,99,7
6,101,3
6,102,14
6,104,20
6,105,1
6,106,2
6,108,7
6,109,13
6,110,4
6,111,2
6,114,10
6,118,4
6,119,8
7,8,4
7,9,8
7,11,3
7,12,1
7,17,18
7,18,18
7,19,12
7,20,7
7,21,11
7,23,2
7,24,1
7,25,6
7,26,6
7,27,10
7,30,20
7,31,4
7,32,15
7,34,12
7,37,16
7,39,20
7,41,13
7,43,9
7,47,4
7,49,10
7,51,11
7,52,6
7,56,7
7,57,15
7,58,16
7,59,3
7,60,9
7,62,15
7,63,15
7,65,9
7,66,18
7,67,6
7,69,15
7,70,7
7,71,16
7,72,3
7,73,1
7,74,10
7,75,1
7,77,3
7,78,11
7,80,14
7,81,8
7,82,11
7,83,7
7,85,6
7,86,3
7,87,9
7,88,11
7,89,5
7,90,11
7,92,18
7,93,20
7,94,8
7,95,13
7,96,9
7,97,16
7,98,10
7,99,8
7,101,18
7,102,10
7,104,20
7,105,19
7,106,17
7,107,10
7,108,12
7,109,4
7,110,17
7,111,5
7,116,6
7,117,3
7,118,10
7,119,9
8,9,16
8,11,14
8,12,10
8,13,4
8,15,10
8,16,10
8,17,13
8,18,19
8,19,19
8,21,15
8,22,6
8,23,15
8,24,20
8,25,5
8,27,15
8,28,2
8,29,9
8,30,8
8,31,17
8,33,12
8,34,14
8,35,7
8,36,12
8,39,10
8,40,20
8,41,18
8,43,20
8,45,18
8,47,4
8,48,13
8,52,17
8,53,18
8,54,10
8,55,20
8,56,10
8,57,11
8,58,13
8,60,8
8,61,2
8,62,11
8,63,9
8,67,14
8,68,20
8,69,11
8,70,9
8,71,10
8,72,12
8,75,8
8,76,18
8,77,1
8,78,11
8,79,8
8,81,13
8,82,14
8,83,14
8,84,3
8,85,17
8,86,14
8,87,15
8,88,17
8,89,17
8,90,6
8,91,4
8,92,4
8,93,14
8,94,14
8,95,10
8,96,10
8,97,7
8,98,14
8,99,2
8,100,3
8,101,1
8,102,9
8,106,20
8,108,17
8,109,13
8,111,2
8,112,4
8,113,14
8,114,11
8,115,19
8,116,4
8,118,15
8,119,15
9,10,15
9,11,17
9,12,14
9,13,19
9,14,19
9,15,16
9,16,16
9,17,20
9,18,7
9,21,1
9,22,20
9,23,7
9,24,1
9,25,14
9,30,6
9,31,5
9,32,19
9,34,5
9,36,12
9,37,14
9,38,3
9,40,20
9,41,2
9,42,18
9,44,20
9,45,15
9,46,16
9,47,4
9,48,7
9,50,3
9,51,8
9,52,19
9,53,11
9,54,2
9,55,4
9,56,13
9,58,18
9,60,19
9,61,1
9,62,4
9,65,8
9,66,17
9,67,8
9,70,2
9,72,6
9,73,20
9,74,17
9,75,5
9,77,2
9,78,10
9,79,20
9,81,5
9,82,9
9,83,6
9,84,2
9,85,3
9,86,4
9,87,15
9,88,10
9,90,11
9,91,1
9,92,16
9,93,11
9,94,7
9,95,10
9,96,8
9,98,8
9,100,11
9,101,3
9,102,15
9,103,12
9,104,17
9,105,20
9,106,13
9,107,12
9,108,4
9,109,6
9,111,17
9,112,15
9,113,2
9,114,5
9,116,2
9,117,4
9,118,13
10,11,13
10,12,8
10,13,9
10,14,5
10,15,4
10,17,7
10,19,15
10,20,14
10,23,14
10,26,4
10,27,10
10,28,10
10,29,13
10,31,20
10,32,12
10,34,14
10,36,7
10,42,19
10,43,18
10,44,5
10,45,13
10,47,12
10,48,3
10,49,19
10,50,8
10,51,15
10,52,6
10,53,15
10,55,18
10,58,16
10,59,12
10,60,18
10,61,7
10,62,16
10,65,17
10,67,4
10,68,7
10,70,12
10,71,11
10,72,2
10,73,18
10,76,5
10,77,10
10,80,3
10,81,3
10,82,5
10,84,18
10,85,7
10,86,15
10,87,19
10,89,17
10,90,8
10,91,3
10,92,12
10,95,8
10,97,6
10,98,4
10,99,8
10,100,17
10,101,3
10,103,17
10,104,18
10,105,16
10,106,19
10,108,11
10,109,5
10,110,2
10,111,2
10,112,16
10,113,1
10,114,9
10,115,17
10,117,15
10,118,1
10,119,14
11,12,18
11,13,9
11,14,3
11,15,17
11,16,16
11,18,17
11,19,6
11,20,19
11,21,1
11,22,7
11,23,8
11,25,3
11,27,19
11,28,12
11,29,5
11,31,6
11,32,6
11,33,1
11,34,2
11,35,10
11,36,17
11,37,8
11,39,17
11,40,19
11,41,3
11,42,3
11,43,5
11,44,13
11,48,5
11,49,7
11,50,13
11,51,19
11,52,13
11,53,16
11,54,12
11,55,10
11,56,8
11,57,7
11,58,11
11,60,14
11,62,19
11,64,17
11,65,14
11,66,5
11,67,17
11,68,10
11,69,12
11,70,19
11,73,2
11,74,7
11,76,17
11,77,18
11,78,14
11,79,20
11,80,19
11,81,1
11,82,19
11,83,7
11,84,9
11,85,3
11,86,12
11,87,1
11,88,8
11,89,5
11,90,4
11,91,15
11,93,2
11,94,2
11,95,5
11,98,20
11,99,7
11,102,3
11,103,3
11,104,19
11,105,1
11,106,20
11,107,18
11,108,8
11,109,12
11,110,18
11,111,9
11,113,9
11,116,6
11,117,20
11,118,6
11,119,1
12,13,17
12,15,5
12,16,1
12,18,2
12,20,15
12,21,8
12,22,11
12,23,12
12,24,8
12,26,4
12,27,15
12,28,17
12,29,15
12,30,1
12,31,3
12,34,19
12,35,17
12,36,2
12,38,12
12,39,14
12,42,19
12,45,10
12,46,18
12,47,5
12,48,14
12,49,11
12,50,17
12,52,5
12,54,8
12,55,20
12,56,2
12,57,2
12,58,20
12,62,18
12,63,20
12,64,1
12,65,4
12,66,15
12,68,14
12,69,8
12,70,18
12,71,5
12,73,5
12,76,18
12,79,16
12,80,18
12,82,9
12,83,14
12,84,18
12,85,15
12,86,5
12,87,13
12,89,8
12,90,16
12,92,16
12,93,2
12,94,2
12,95,12
12,96,3
12,97,16
12,98,12
12,99,14
12,100,12
12,101,14
12,102,14
12,103,14
12,104,3
12,105,11
12,107,19
12,108,11
12,109,4
12,113,5
12,114,5
12,115,3
12,116,9
12,117,12
12,118,7
13,14,5
13,15,20
13,19,9
13,21,13
13,23,7
13,24,15
13,25,17
13,26,6
13,28,5
13,30,19
13,31,13
13,33,1
13,34,5
13,36,18
13,37,20
13,38,17
13,41,15
13,42,7
13,45,20
13,47,7
13,49,9
13,50,16
13,51,3
13,53,12
13,57,10
13,59,12
13,60,16
13,62,9
13,65,8
13,67,16
13,68,4
13,69,19
13,70,9
13,72,2
13,74,6
13,75,20
13,76,20
13,78,19
13,80,9
13,82,1
13,84,11
13,85,7
13,86,9
13,87,4
13,88,18
13,89,6
13,90,9
13,92,7
13,93,19
13,94,15
13,95,9
13,98,6
13,102,17
13,103,12
13,104,18
13,105,15
13,106,8
13,107,19
13,109,12
13,110,5
13,111,20
13,113,14
13,115,10
13,117,8
14,15,14
14,16,2
14,20,10
14,23,9
14,24,6
14,25,7
14,26,18
14,29,7
14,30,1
14,31,5
14,32,8
14,33,3
14,34,1
14,35,14
14,36,18
14,38,8
14,39,14
14,40,10
14,43,3
14,46,18
14,48,18
14,49,6
14,50,2
14,51,17
14,52,12
14,53,2
14,54,5
14,55,2
14,56,14
14,57,13
14,59,12
14,62,5
14,64,3
14,66,7
14,69,3
14,70,19
14,71,7
14,73,15
14,74,11
14,75,17
14,76,12
14,77,16
14,79,5
14,80,19
14,82,13
14,83,18
14,85,20
14,86,17
14,87,8
14,88,9
14,89,20
14,90,3
14,91,2
14,92,3
14,93,4
14,95,7
14,98,10
14,99,7
14,100,5
14,101,15
14,102,6
14,103,3
14,104,17
14,105,12
14,106,19
14,107,3
14,108,2
14,110,7
14,112,2
14,113,7
14,114,5
14,117,2
14,118,4
15,16,14
15,17,19
15,18,5
15,20,3
15,22,19
15,23,18
15,24,3
15,26,14
15,28,11
15,29,12
15,30,10
15,35,19
15,37,3
15,38,11
15,39,17
15,40,6
15,41,18
15,44,9
15,45,4
15,46,19
15,48,13
15,49,18
15,50,11
15,51,8
15,52,20
15,53,1
15,54,17
15,58,14
15,59,17
15,60,20
15,61,10
15,65,14
15,66,8
15,67,15
15,68,10
15,70,6
15,71,18
15,72,5
15,74,1
15,75,3
15,76,9
15,77,8
15,78,1
15,80,7
15,82,8
15,83,5
15,84,14
15,86,16
15,87,3
15,88,12
15,89,15
15,90,11
15,91,5
15,92,20
15,93,1
15,95,6
15,96,5
15,98,10
15,99,12
15,100,15
15,101,1
15,102,1
15,104,12
15,105,20
15,107,19
15,110,6
15,111,7
15,112,2
15,113,13
15,114,4
15,115,1
15,116,6
15,117,13
15,118,6
15,119,18
16,17,2
16,19,1
16,20,16
16,21,12
16,22,8
16,26,10
16,27,4
16,28,15
16,33,5
16,35,10
16,38,16
16,39,1
16,40,16
16,41,7
16,43,20
16,44,11
16,45,7
16,46,15
16,47,9
16,48,13
16,49,13
16,51,16
16,53,3
16,54,7
16,55,16
16,57,18
16,58,10
16,59,10
16,60,16
16,61,1
16,62,6
16,63,12
16,65,10
16,66,13
16,69,2
16,71,18
16,72,13
16,75,18
16,76,9
16,77,12
16,78,9
16,79,4
16,80,18
16,81,14
16,82,10
16,83,9
16,86,13
16,87,2
16,89,9
16,90,5
16,91,14
16,92,16
16,93,12
16,95,8
16,96,12
16,98,9
16,99,5
16,100,2
16,101,5
16,102,2
16,103,19
16,104,10
16,105,9
16,106,9
16,107,9
16,108,19
16,109,15
16,110,12
16,112,18
16,114,16
16,115,17
16,116,5
16,118,7
16,119,19
17,18,3
17,19,13
17,20,9
17,21,18
17,22,7
17,23,4
17,24,10
17,25,15
17,26,11
17,27,17
17,28,20
17,29,14
17,32,1
17,34,14
17,35,1
17,37,4
17,38,5
17,39,12
17,41,19
17,42,18
17,45,15
17,47,10
17,48,19
17,49,1
17,51,12
17,52,13
17,54,12
17,55,16
17,56,16
17,57,2
17,58,3
17,59,3
17,60,19
17,61,20
17,63,19
17,64,1
17,67,9
17,69,12
17,70,1
17,72,2
17,73,18
17,76,16
17,77,2
17,78,20
17,79,3
17,80,11
17,81,9
17,82,19
17,83,12
17,86,5
17,87,2
17,88,2
17,89,2
17,90,16
17,92,16
17,94,10
17,96,13
17,97,13
17,98,9
17,99,16
17,100,4
17,101,18
17,102,4
17,103,17
17,104,17
17,105,13
17,106,12
17,107,13
17,109,18
17,110,16
17,113,10
17,114,11
17,115,20
17,116,17
17,118,15
17,119,16
18,19,13
18,20,12
18,21,20
18,24,5
18,25,9
18,28,10
18,29,18
18,31,7
18,32,6
18,33,19
18,34,4
18,35,4
18,37,11
18,39,4
18,40,2
18,41,15
18,42,18
18,43,11
18,44,12
18,45,3
18,46,10
18,48,1
18,49,10
18,50,14
18,51,12
18,52,1
18,54,6
18,55,4
18,57,10
18,58,7
18,59,2
18,60,12
18,61,16
18,62,19
18,63,16
18,64,11
18,65,8
18,67,4
18,68,10
18,69,1
18,70,7
18,71,5
18,72,5
18,73,14
18,77,17
18,79,10
18,80,1
18,83,10
18,84,8
18,87,19
18,88,20
18,89,10
18,90,14
18,91,17
18,92,2
18,93,9
18,97,11
18,100,7
18,104,17
18,105,4
18,106,5
18,107,6
18,108,20
18,109,4
18,110,2
18,111,18
18,114,6
18,115,7
18,116,8
18,117,20
18,118,10
18,119,8
19,21,4
19,22,18
19,23,8
19,26,12
19,27,15
19,28,17
19,29,15
19,30,5
19,31,3
19,33,16
19,34,5
19,35,3
19,37,20
19,41,9
19,42,15
19,43,12
19,47,17
19,48,3
19,49,4
19,51,10
19,54,14
19,56,8
19,59,1
19,60,13
19,61,12
19,62,7
19,63,13
19,64,3
19,65,8
19,66,3
19,67,15
19,68,18
19,72,18
19,75,8
19,76,2
19,77,13
19,78,3
19,79,17
19,83,17
19,84,3
19,85,2
19,86,9
19,87,5
19,88,13
19,89,7
19,91,2
19,94,11
19,95,5
19,96,10
19,97,7
19,98,3
19,99,3
19,100,10
19,102,7
19,104,8
19,105,20
19,106,17
19,107,11
19,108,4
19,109,9
19,110,13
19,111,3
19,113,5
19,115,18
19,116,4
19,118,9
19,119,8
20,21,14
20,22,12
20,24,20
20,27,6
20,28,6
20,29,9
20,30,15
20,31,5
20,33,1
20,35,10
20,37,14
20,40,20
20,41,19
20,42,15
20,43,15
20,45,5
20,46,9
20,48,8
20,49,17
20,51,11
20,52,1
20,53,1
20,55,4
20,57,10
20,58,8
20,59,20
20,61,15
20,62,9
20,63,10
20,66,9
20,70,2
20,71,1
20,73,13
20,75,4
20,76,2
20,78,15
20,79,9
20,80,14
20,81,13
20,83,10
20,84,7
20,86,8
20,88,18
20,89,3
20,90,13
20,91,9
20,92,8
20,93,19
20,94,20
20,96,1
20,97,6
20,98,17
20,99,4
20,101,17
20,102,3
20,103,12
20,105,11
20,107,3
20,108,6
20,109,9
20,110,5
20,111,12
20,112,8
20,113,19
20,114,3
20,115,19
20,116,14
20,118,11
20,119,10
21,22,16
21,23,6
21,24,19
21,25,19
21,27,4
21,28,4
21,29,14
21,30,6
21,31,11
21,32,1
21,33,5
21,34,8
21,35,6
21,36,16
21,37,15
21,40,17
21,41,12
21,42,14
21,45,1
21,47,9
21,48,13
21,50,16
21,52,11
21,56,16
21,58,12
21,59,17
21,60,1
21,61,19
21,62,3
21,63,2
21,64,14
21,65,1
21,66,10
21,68,13
21,69,20
21,71,2
21,72,1
21,73,18
21,74,15
21,77,1
21,78,15
21,79,15
21,83,14
21,84,4
21,86,17
21,87,6
21,88,1
21,90,7
21,92,14
21,96,18
21,97,1
21,98,5
21,99,6
21,100,5
21,102,4
21,104,14
21,105,20
21,107,15
21,108,20
21,109,5
21,111,15
21,114,4
21,115,15
21,116,18
21,117,14
21,118,15
21,119,8
22,23,2
22,24,1
22,25,8
22,26,19
22,27,13
22,28,17
22,31,17
22,32,13
22,33,18
22,34,20
22,35,11
22,36,17
22,38,19
22,39,1
22,40,12
22,41,18
22,42,20
22,44,15
22,45,13
22,46,18
22,47,6
22,48,13
22,49,14
22,50,9
22,52,17
22,53,2
22,55,14
22,56,2
22,58,20
22,60,3
22,63,8
22,64,7
22,65,19
22,66,6
22,68,14
22,69,14
22,70,14
22,71,19
22,73,14
22,74,4
22,75,18
22,76,5
22,77,10
22,78,14
22,79,10
22,82,8
22,83,7
22,85,20
22,86,17
22,88,15
22,89,11
22,94,13
22,95,17
22,96,8
22,97,8
22,98,11
22,99,15
22,100,6
22,101,16
22,103,14
22,104,16
22,105,8
22,107,18
22,108,3
22,109,3
22,110,13
22,111,16
22,112,7
22,115,16
23,25,8
23,26,12
23,27,7
23,28,2
23,29,1
23,30,13
23,31,13
23,32,1
23,33,13
23,36,18
23,37,20
23,38,16
23,39,3
23,40,6
23,41,15
23,46,13
23,47,2
23,48,2
23,49,18
23,51,10
23,52,20
23,55,8
23,56,5
23,60,16
23,61,8
23,62,11
23,63,16
23,64,10
23,65,7
23,66,20
23,67,6
23,70,9
23,71,3
23,72,7
23,73,20
23,75,4
23,78,18
23,80,9
23,81,4
23,82,7
23,83,6
23,85,11
23,87,6
23,88,18
23,89,20
23,90,7
23,91,19
23,92,6
23,94,7
23,97,10
23,98,8
23,99,4
23,100,3
23,102,7
23,105,12
23,106,12
23,107,13
23,109,6
23,111,1
23,112,1
23,113,11
23,114,9
23,115,19
23,116,9
23,117,17
23,119,7
24,27,16
24,28,18
24,29,19
24,32,3
24,34,14
24,36,13
24,37,17
24,38,6
24,40,3
24,41,9
24,42,4
24,43,12
24,44,10
24,47,4
24,48,6
24,50,14
24,51,16
24,52,1
24,53,14
24,54,6
24,55,17
24,56,17
24,58,3
24,59,19
24,61,9
24,64,19
24,67,18
24,71,12
24,73,9
24,75,17
24,76,12
24,77,7
24,78,8
24,79,13
24,80,6
24,81,15
24,82,15
24,83,17
24,84,11
24,85,12
24,86,4
24,87,15
24,88,6
24,91,8
24,92,10
24,94,7
24,95,11
24,96,8
24,98,20
24,99,2
24,100,10
24,103,15
24,104,2
24,106,18
24,107,15
24,109,9
24,112,18
24,113,20
24,114,5
24,116,17
24,117,5
24,118,9
25,26,9
25,27,1
25,28,19
25,29,14
25,30,10
25,31,4
25,32,20
25,33,16
25,34,10
25,36,2
25,37,14
25,40,17
25,41,7
25,42,13
25,43,9
25,44,14
25,45,4
25,46,12
25,47,4
25,49,12
25,50,11
25,51,18
25,53,10
25,56,15
25,57,18
25,59,7
25,61,19
25,63,15
25,64,1
25,68,3
25,69,1
25,70,4
25,71,16
25,72,10
25,74,7
25,75,14
25,79,16
25,80,7
25,81,14
25,83,5
25,84,14
25,86,10
25,87,18
25,89,18
25,92,3
25,93,15
25,94,14
25,95,2
25,99,15
25,102,11
25,103,8
25,105,19
25,106,19
25,109,8
25,110,18
25,111,19
25,112,20
25,114,5
25,117,3
25,119,17
26,28,8
26,29,3
26,30,18
26,31,9
26,32,7
26,33,1
26,34,4
26,35,14
26,38,5
26,39,17
26,40,10
26,41,2
26,43,5
26,44,3
26,45,5
26,47,1
26,48,16
26,49,5
26,50,9
26,51,2
26,52,14
26,53,4
26,54,2
26,55,4
26,56,2
26,57,5
26,58,12
26,59,19
26,60,12
26,61,9
26,63,20
26,65,13
26,66,13
26,67,17
26,70,5
26,71,2
26,73,12
26,74,15
26,78,13
26,80,18
26,81,10
26,84,14
26,85,7
26,86,11
26,87,20
26,88,5
26,89,7
26,90,8
26,91,20
26,92,17
26,93,4
26,95,18
26,96,3
26,99,11
26,100,15
26,102,7
26,104,1
26,106,20
26,107,20
26,108,3
26,109,5
26,110,15
26,111,11
26,113,9
26,118,20
26,119,4
27,28,12
27,29,14
27,30,12
27,31,2
27,32,3
27,33,20
27,37,3
27,38,2
27,39,14
27,40,16
27,41,1
27,42,7
27,43,5
27,44,17
27,46,4
27,47,16
27,48,2
27,49,9
27,51,16
27,53,14
27,54,14
27,55,9
27,56,15
27,57,10
27,59,18
27,60,8
27,61,12
27,62,18
27,64,7
27,65,5
27,66,9
27,67,19
27,68,17
27,69,19
27,71,6
27,72,12
27,73,10
27,75,6
27,77,12
27,79,13
27,80,5
27,82,19
27,83,5
27,84,18
27,86,10
27,88,9
27,89,9
27,91,20
27,92,5
27,93,2
27,94,2
27,95,7
27,96,12
27,98,16
27,99,8
27,101,13
27,102,13
27,103,16
27,105,19
27,107,5
27,108,11
27,109,1
27,110,6
27,112,9
27,114,2
27,115,10
27,116,18
27,117,20
28,29,5
28,31,2
28,33,3
28,34,1
28,35,4
28,36,19
28,37,6
28,40,20
28,42,20
28,43,2
28,47,10
28,48,11
28,50,17
28,51,3
28,52,20
28,54,7
28,55,14
28,56,10
28,59,3
28,60,14
28,61,13
28,62,4
28,63,2
28,68,1
28,69,20
28,70,1
28,71,9
28,72,16
28,74,7
28,75,7
28,76,10
28,78,9
28,79,16
28,80,20
28,81,3
28,83,19
28,84,15
28,85,13
28,87,5
28,89,16
28,90,15
28,92,8
28,93,19
28,94,15
28,95,3
28,99,4
28,100,19
28,101,12
28,103,2
28,104,16
28,105,14
28,106,1
28,107,10
28,108,14
28,111,6
28,113,12
28,114,19
28,116,12
28,117,18
28,119,20
29,30,18
29,31,6
29,34,16
29,35,20
29,36,3
29,37,19
29,39,19
29,40,2
29,42,10
29,43,3
29,44,14
29,45,6
29,46,1
29,47,6
29,49,12
29,51,11
29,52,9
29,53,1
29,56,19
29,57,7
29,58,18
29,63,3
29,64,9
29,65,14
29,66,3
29,67,16
29,68,11
29,69,10
29,71,18
29,72,10
29,74,3
29,75,7
29,76,19
29,77,7
29,78,16
29,79,8
29,80,9
29,82,11
29,83,5
29,85,19
29,86,13
29,87,2
29,88,5
29,90,13
29,91,1
29,92,10
29,93,9
29,94,13
29,95,10
29,96,7
29,97,11
29,98,7
29,101,17
29,102,7
29,104,11
29,107,14
29,108,15
29,109,13
29,110,7
29,111,17
29,113,18
29,114,9
29,116,20
29,117,2
30,36,20
30,38,18
30,39,19
30,40,9
30,41,12
30,44,8
30,45,2
30,46,18
30,47,1
30,49,13
30,52,12
30,53,11
30,54,7
30,55,18
30,56,15
30,57,9
30,58,1
30,60,11
30,62,15
30,65,4
30,66,6
30,67,4
30,68,8
30,69,15
30,71,2
30,72,10
30,73,7
30,77,11
30,78,1
30,79,5
30,80,4
30,82,3
30,84,20
30,87,18
30,88,12
30,90,20
30,91,18
30,92,10
30,93,8
30,94,11
30,96,8
30,97,19
30,98,14
30,100,9
30,101,16
30,102,15
30,105,5
30,106,9
30,107,15
30,108,12
30,110,1
30,111,8
30,112,1
30,113,4
30,114,9
30,116,12
30,117,5
30,119,2
31,32,7
31,33,11
31,36,2
31,37,3
31,38,7
31,39,17
31,40,6
31,41,1
31,43,4
31,44,2
31,45,13
31,46,16
31,47,9
31,48,6
31,49,18
31,51,11
31,53,12
31,54,10
31,55,8
31,57,9
31,59,10
31,60,18
31,61,7
31,62,3
31,63,18
31,64,14
31,65,12
31,66,12
31,68,11
31,69,1
31,70,20
31,71,19
31,72,5
31,74,11
31,75,2
31,77,15
31,78,5
31,80,4
31,81,13
31,85,9
31,88,7
31,89,20
31,90,14
31,91,8
31,92,16
31,94,5
31,96,9
31,97,13
31,98,10
31,99,2
31,100,1
31,101,2
31,103,4
31,104,1
31,107,4
31,108,1
31,109,16
31,110,12
31,111,18
31,112,2
31,113,1
31,114,20
31,115,15
31,116,12
31,119,7
32,33,11
32,34,3
32,35,4
32,36,14
32,37,8
32,40,14
32,41,17
32,42,14
32,43,16
32,44,16
32,45,10
32,46,10
32,47,14
32,48,6
32,49,4
32,51,4
32,53,1
32,55,6
32,56,4
32,57,6
32,58,5
32,59,19
32,63,15
32,66,11
32,68,18
32,69,4
32,72,9
32,73,10
32,74,9
32,75,14
32,76,10
32,79,13
32,80,19
32,82,10
32,83,12
32,84,17
32,85,16
32,87,20
32,88,12
32,91,1
32,92,5
32,93,8
32,99,19
32,100,13
32,101,9
32,103,2
32,104,5
32,105,17
32,106,10
32,107,8
32,108,20
32,109,9
32,110,1
32,111,14
32,112,7
32,113,8
32,114,6
32,115,11
32,118,13
32,119,1
33,34,6
33,35,4
33,36,8
33,37,17
33,38,18
33,39,3
33,40,18
33,41,5
33,42,10
33,43,5
33,44,16
33,47,19
33,48,3
33,52,7
33,54,15
33,55,11
33,56,9
33,58,20
33,59,2
33,60,4
33,62,17
33,64,1
33,68,7
33,69,18
33,71,16
33,73,13
33,75,16
33,76,20
33,77,4
33,79,10
33,81,2
33,82,12
33,83,13
33,84,18
33,85,1
33,86,11
33,87,8
33,88,7
33,89,12
33,90,19
33,91,11
33,92,7
33,93,4
33,94,19
33,95,6
33,96,9
33,97,7
33,98,7
33,99,10
33,100,1
33,101,17
33,102,18
33,103,2
33,104,16
33,105,19
33,106,14
33,107,11
33,108,1
33,109,1
33,110,17
33,111,3
33,112,14
33,113,15
33,114,16
33,115,6
33,116,1
33,118,19
33,119,4
34,36,14
34,37,11
34,38,4
34,39,5
34,40,5
34,41,3
34,42,2
34,44,20
34,45,1
34,46,18
34,47,16
34,48,7
34,49,17
34,50,3
34,52,17
34,53,9
34,54,18
34,55,18
34,56,15
34,57,11
34,60,18
34,62,10
34,63,10
34,64,7
34,66,14
34,67,8
34,70,4
34,72,8
34,73,20
34,74,20
34,75,20
34,76,3
34,78,1
34,79,10
34,81,12
34,84,12
34,85,2
34,87,9
34,89,11
34,90,10
34,92,1
34,94,14
34,95,16
34,97,13
34,98,18
34,100,10
34,101,3
34,103,13
34,104,20
34,105,6
34,106,5
34,107,1
34,108,20
34,109,1
34,112,3
34,113,20
34,115,3
34,117,12
34,119,9
35,37,11
35,41,15
35,43,19
35,44,2
35,45,7
35,46,13
35,47,11
35,48,7
35,49,2
35,50,10
35,51,12
35,52,19
35,53,15
35,55,3
35,57,14
35,59,7
35,61,18
35,64,18
35,65,14
35,67,13
35,68,7
35,69,2
35,70,2
35,71,16
35,72,8
35,74,2
35,76,15
35,77,10
35,78,7
35,80,3
35,81,16
35,82,15
35,83,10
35,84,4
35,85,10
35,86,12
35,87,2
35,89,3
35,90,8
35,91,18
35,92,4
35,94,20
35,96,15
35,97,15
35,98,16
35,99,19
35,101,2
35,104,17
35,105,18
35,106,9
35,107,13
35,109,12
35,110,12
35,112,6
35,113,14
35,114,19
35,115,11
35,116,1
35,117,2
35,119,12
36,37,20
36,38,17
36,39,17
36,40,17
36,41,15
36,42,12
36,43,13
36,45,20
36,46,2
36,47,1
36,49,2
36,50,12
36,52,20
36,53,16
36,54,9
36,55,10
36,57,16
36,60,5
36,65,13
36,66,15
36,68,7
36,69,5
36,70,14
36,71,10
36,72,1
36,73,15
36,74,11
36,75,1
36,76,3
36,77,12
36,78,3
36,79,1
36,80,2
36,81,1
36,83,3
36,84,9
36,86,10
36,87,10
36,88,4
36,90,13
36,91,3
36,94,3
36,95,7
36,96,5
36,97,5
36,99,2
36,100,12
36,101,2
36,103,2
36,104,17
36,106,15
36,108,10
36,109,4
36,110,10
36,112,2
36,113,11
36,116,20
36,118,7
37,38,20
37,39,8
37,42,10
37,43,18
37,44,20
37,45,4
37,46,13
37,49,9
37,53,4
37,55,2
37,56,10
37,57,11
37,58,3
37,59,1
37,60,8
37,61,3
37,62,14
37,63,3
37,64,15
37,65,5
37,66,19
37,67,18
37,69,11
37,74,9
37,76,9
37,77,2
37,79,16
37,80,7
37,83,17
37,84,8
37,86,1
37,87,5
37,89,3
37,92,11
37,93,17
37,94,17
37,96,19
37,99,10
37,100,6
37,102,10
37,103,12
37,105,1
37,106,4
37,109,3
37,110,11
37,111,17
37,113,17
37,116,8
37,117,18
37,118,17
37,119,14
38,41,5
38,42,18
38,44,13
38,45,11
38,46,7
38,47,13
38,48,14
38,50,17
38,51,11
38,53,12
38,54,15
38,55,19
38,56,6
38,57,1
38,60,7
38,61,2
38,62,8
38,63,9
38,66,20
38,67,2
38,69,8
38,70,20
38,71,15
38,72,16
38,73,3
38,75,4
38,76,12
38,77,13
38,80,4
38,81,2
38,83,16
38,85,20
38,86,11
38,87,16
38,89,20
38,92,7
38,93,3
38,94,7
38,95,1
38,96,10
38,97,18
38,98,6
38,99,15
38,100,17
38,101,20
38,103,18
38,104,2
38,106,20
38,107,14
38,108,19
38,109,18
38,110,14
38,112,2
38,114,8
38,115,5
38,116,16
38,117,11
39,40,13
39,41,17
39,42,10
39,43,14
39,44,19
39,45,2
39,46,18
39,48,19
39,49,13
39,51,4
39,52,2
39,53,6
39,54,15
39,55,8
39,58,12
39,59,10
39,60,19
39,61,14
39,62,17
39,63,3
39,64,10
39,66,12
39,67,10
39,68,1
39,70,9
39,71,13
39,72,11
39,74,19
39,75,2
39,76,18
39,77,13
39,78,12
39,80,12
39,81,2
39,83,17
39,85,19
39,89,19
39,91,2
39,93,8
39,94,13
39,95,20
39,96,14
39,97,12
39,98,1
39,99,11
39,100,17
39,101,1
39,103,3
39,104,15
39,105,19
39,106,6
39,107,10
39,108,8
39,110,4
39,112,6
39,113,2
39,114,10
39,116,8
39,117,6
39,118,3
39,119,6
40,41,9
40,42,13
40,43,17
40,46,4
40,48,12
40,49,7
40,50,20
40,51,6
40,54,3
40,55,13
40,56,9
40,59,1
40,60,20
40,61,3
40,63,17
40,64,1
40,65,18
40,66,2
40,67,13
40,68,10
40,69,4
40,70,8
40,71,9
40,72,19
40,74,6
40,76,16
40,78,14
40,79,14
40,80,19
40,82,2
40,83,7
40,84,1
40,85,19
40,86,9
40,87,18
40,90,8
40,92,8
40,94,3
40,95,7
40,97,8
40,98,5
40,99,12
40,100,3
40,101,19
40,102,11
40,103,8
40,104,1
40,105,16
40,106,18
40,107,10
40,108,17
40,109,20
40,113,4
40,114,13
40,115,19
40,116,2
40,117,2
40,118,17
41,42,8
41,44,16
41,45,1
41,46,12
41,48,4
41,49,18
41,51,14
41,52,20
41,53,15
41,56,2
41,57,5
41,58,6
41,59,19
41,67,11
41,68,18
41,69,11
41,70,6
41,71,1
41,72,17
41,73,10
41,74,18
41,76,3
41,78,5
41,79,15
41,82,2
41,83,9
41,84,7
41,85,13
41,86,9
41,87,2
41,88,16
41,89,11
41,91,4
41,92,3
41,95,14
41,96,9
41,97,6
41,98,15
41,99,11
41,102,16
41,109,14
41,110,20
41,112,12
41,113,5
41,114,5
41,115,5
41,117,1
42,43,4
42,44,17
42,45,15
42,47,14
42,48,7
42,49,4
42,50,14
42,51,12
42,54,20
42,55,14
42,57,1
42,58,2
42,60,14
42,61,14
42,64,7
42,65,9
42,66,17
42,71,6
42,72,8
42,74,5
42,75,19
42,77,18
42,79,10
42,81,17
42,82,9
42,83,8
42,87,8
42,88,2
42,89,5
42,91,3
42,92,14
42,94,8
42,95,7
42,96,10
42,97,11
42,98,2
42,99,13
42,103,13
42,105,20
42,106,9
42,107,6
42,108,6
42,109,6
42,110,6
42,111,20
42,113,12
42,114,14
42,115,3
42,116,20
42,118,19
42,119,7
43,44,9
43,45,3
43,46,10
43,47,6
43,48,13
43,49,19
43,50,15
43,52,18
43,53,18
43,55,13
43,56,2
43,59,6
43,60,11
43,61,4
43,62,16
43,63,17
43,66,17
43,68,4
43,69,10
43,70,9
43,71,17
43,72,11
43,74,5
43,76,13
43,77,13
43,78,6
43,79,3
43,80,4
43,83,10
43,84,8
43,85,9
43,86,14
43,88,1
43,89,16
43,91,20
43,92,15
43,93,1
43,94,16
43,96,19
43,97,9
43,98,1
43,99,3
43,100,16
43,101,8
43,104,12
43,106,15
43,107,14
43,108,2
43,109,10
43,111,19
43,113,2
43,114,7
43,115,19
43,116,4
43,117,19
43,119,7
44,46,7
44,48,12
44,49,3
44,50,11
44,51,10
44,53,8
44,54,19
44,55,13
44,56,11
44,57,3
44,58,20
44,59,13
44,60,19
44,62,18
44,63,19
44,64,8
44,66,17
44,67,1
44,69,7
44,70,18
44,73,13
44,74,20
44,76,12
44,77,5
44,79,18
44,80,13
44,81,9
44,82,13
44,83,11
44,84,5
44,88,6
44,90,19
44,93,12
44,94,13
44,95,7
44,96,12
44,100,13
44,101,1
44,103,2
44,104,17
44,105,7
44,106,13
44,107,13
44,108,9
44,109,1
44,110,3
44,111,15
44,112,13
44,113,4
44,114,20
44,115,19
44,116,12
44,117,17
44,118,2
45,46,6
45,48,1
45,51,18
45,53,6
45,54,14
45,56,15
45,57,15
45,58,4
45,59,20
45,60,18
45,61,5
45,62,8
45,63,6
45,64,12
45,65,10
45,66,3
45,67,2
45,68,3
45,70,16
45,71,8
45,73,12
45,74,14
45,75,2
45,76,3
45,77,13
45,79,3
45,81,4
45,82,11
45,84,16
45,85,13
45,88,20
45,93,17
45,94,10
45,96,13
45,98,19
45,99,1
45,100,9
45,101,3
45,103,20
45,105,4
45,106,5
45,107,2
45,109,6
45,110,4
45,111,7
45,112,3
45,114,19
45,115,9
45,116,10
45,117,5
45,118,20
45,119,2
46,47,13
46,48,19
46,49,20
46,51,6
46,52,7
46,53,19
46,55,6
46,56,8
46,57,8
46,58,9
46,59,9
46,60,6
46,61,11
46,62,6
46,63,13
46,64,15
46,65,14
46,66,6
46,69,18
46,71,11
46,72,17
46,73,8
46,74,16
46,77,7
46,78,1
46,82,9
46,83,4
46,84,10
46,85,1
46,86,4
46,87,20
46,88,1
46,96,15
46,97,1
46,98,16
46,99,12
46,102,20
46,103,16
46,104,18
46,107,10
46,108,10
46,109,6
46,112,12
46,114,7
46,115,13
46,116,15
46,117,11
46,118,18
46,119,6
47,49,20
47,50,5
47,51,9
47,52,19
47,53,17
47,54,7
47,56,8
47,57,3
47,60,18
47,61,13
47,62,16
47,63,17
47,64,14
47,66,1
47,67,10
47,68,11
47,69,15
47,71,13
47,72,17
47,74,20
47,76,2
47,79,20
47,80,9
47,81,12
47,83,8
47,86,18
47,87,4
47,88,16
47,90,16
47,92,17
47,93,9
47,94,17
47,95,13
47,96,16
47,97,5
47,98,18
47,99,11
47,100,6
47,101,3
47,102,5
47,103,19
47,104,6
47,105,12
47,106,19
47,108,8
47,110,13
47,111,10
47,113,7
47,115,12
47,118,12
47,119,9
48,49,8
48,50,2
48,51,5
48,53,17
48,58,4
48,59,3
48,61,4
48,64,20
48,65,6
48,66,3
48,68,20
48,69,11
48,71,8
48,73,13
48,74,2
48,75,5
48,76,3
48,77,3
48,78,10
48,79,10
48,80,12
48,81,11
48,83,19
48,84,9
48,85,9
48,86,18
48,87,1
48,88,19
48,89,5
48,90,9
48,92,18
48,93,12
48,94,7
48,95,3
48,96,14
48,97,1
48,100,14
48,101,5
48,102,19
48,104,4
48,105,14
48,106,4
48,109,11
48,111,7
48,112,9
48,113,2
48,116,8
49,50,18
49,51,1
49,52,16
49,53,19
49,56,12
49,57,1
49,59,15
49,61,4
49,62,4
49,63,2
49,64,19
49,65,12
49,66,2
49,67,10
49,69,15
49,70,9
49,71,13
49,72,7
49,73,15
49,75,5
49,76,11
49,79,14
49,80,7
49,81,3
49,82,19
49,83,17
49,85,8
49,86,16
49,88,2
49,90,17
49,92,10
49,94,1
49,95,4
49,96,12
49,97,14
49,99,19
49,100,6
49,101,7
49,103,14
49,106,4
49,107,17
49,108,14
49,109,3
49,110,1
49,113,3
49,114,20
49,115,19
49,116,13
49,118,8
49,119,12
50,53,16
50,54,11
50,55,16
50,57,9
50,58,18
50,60,5
50,61,14
50,62,2
50,63,14
50,64,9
50,66,11
50,69,6
50,71,16
50,72,14
50,75,11
50,76,1
50,78,5
50,79,5
50,80,16
50,83,12
50,84,17
50,87,13
50,88,11
50,89,6
50,90,4
50,91,7
50,92,6
50,94,5
50,95,15
50,97,9
50,98,1
50,100,10
50,101,12
50,102,2
50,104,16
50,105,15
50,106,20
50,107,17
50,108,20
50,109,3
50,110,18
50,111,7
50,113,12
50,114,14
50,115,12
50,116,16
50,117,13
50,118,2
50,119,12
51,52,5
51,53,20
51,56,20
51,57,2
51,59,8
51,61,17
51,62,6
51,64,10
51,65,19
51,66,5
51,67,18
51,69,15
51,70,14
51,71,7
51,72,19
51,73,8
51,74,20
51,75,19
51,76,18
51,78,20
51,80,18
51,81,12
51,82,10
51,83,12
51,86,14
51,88,16
51,89,6
51,90,18
51,91,5
51,93,5
51,94,6
51,95,6
51,99,20
51,100,9
51,101,9
51,102,19
51,103,14
51,104,15
51,107,18
51,108,18
51,109,1
51,111,2
51,112,4
51,114,11
51,115,3
51,116,19
51,117,5
51,119,16
52,55,15
52,56,10
52,57,15
52,58,16
52,59,14
52,60,11
52,62,3
52,65,2
52,66,10
52,67,11
52,69,15
52,70,2
52,73,10
52,74,20
52,75,8
52,77,18
52,78,5
52,80,4
52,81,18
52,82,11
52,83,7
52,84,20
52,85,3
52,86,8
52,87,16
52,88,4
52,90,20
52,91,19
52,93,9
52,94,16
52,95,17
52,96,14
52,98,11
52,99,17
52,100,11
52,102,15
52,103,16
52,104,8
52,105,11
52,106,10
52,108,6
52,109,9
52,110,4
52,111,20
52,112,13
52,113,4
52,115,9
52,118,1
52,119,16
53,55,6
53,56,11
53,58,1
53,59,11
53,61,9
53,62,10
53,63,19
53,64,12
53,65,17
53,66,19
53,67,14
53,68,14
53,69,15
53,70,10
53,71,19
53,72,18
53,74,12
53,75,3
53,76,11
53,79,12
53,80,13
53,81,10
53,82,2
53,83,17
53,84,10
53,85,10
53,86,7
53,87,3
53,88,8
53,92,14
53,94,2
53,95,12
53,98,14
53,99,17
53,100,15
53,101,6
53,105,9
53,106,6
53,107,3
53,108,18
53,109,7
53,110,4
53,111,13
53,112,17
53,114,16
53,115,9
53,117,15
53,118,7
53,119,16
54,56,1
54,58,8
54,60,5
54,61,11
54,62,20
54,63,4
54,65,15
54,66,17
54,68,16
54,69,2
54,70,15
54,72,7
54,73,4
54,74,3
54,75,13
54,76,13
54,77,18
54,81,6
54,83,6
54,84,8
54,85,4
54,87,6
54,88,12
54,90,2
54,91,6
54,92,18
54,93,20
54,94,8
54,95,12
54,96,4
54,97,20
54,98,12
54,99,11
54,100,2
54,102,3
54,104,20
54,105,2
54,106,7
54,108,10
54,109,17
54,110,10
54,111,6
54,112,5
54,113,12
54,114,5
54,115,6
54,116,9
54,117,9
54,118,16
54,119,10
55,57,20
55,58,17
55,60,13
55,61,3
55,62,15
55,63,5
55,65,8
55,66,12
55,67,3
55,68,2
55,69,16
55,70,11
55,71,7
55,72,3
55,75,11
55,76,2
55,79,7
55,83,11
55,84,1
55,87,17
55,88,10
55,89,2
55,90,7
55,91,16
55,93,2
55,94,18
55,95,9
55,97,12
55,99,7
55,100,14
55,102,14
55,104,5
55,105,5
55,107,3
55,110,10
55,111,18
55,113,18
55,114,15
55,115,15
55,116,16
55,119,9
56,57,19
56,58,8
56,59,12
56,60,11
56,61,15
56,63,13
56,64,17
56,68,17
56,70,16
56,71,9
56,72,6
56,75,1
56,77,15
56,78,13
56,79,11
56,81,10
56,82,6
56,83,13
56,84,6
56,85,4
56,88,5
56,89,11
56,90,14
56,91,9
56,92,6
56,94,18
56,97,6
56,100,20
56,101,11
56,102,6
56,103,1
56,105,4
56,107,16
56,108,8
56,110,13
56,111,16
56,113,16
56,114,5
56,117,15
56,118,7
56,119,12
57,58,3
57,59,4
57,60,6
57,61,3
57,62,7
57,63,19
57,64,18
57,65,9
57,66,17
57,68,4
57,70,18
57,71,1
57,72,7
57,73,14
57,75,2
57,76,16
57,80,12
57,81,12
57,82,18
57,83,20
57,84,2
57,85,17
57,90,17
57,92,10
57,93,17
57,94,8
57,95,19
57,97,7
57,99,16
57,100,9
57,103,4
57,104,5
57,105,18
57,106,14
57,107,15
57,108,14
57,109,3
57,110,19
57,112,6
57,114,15
57,115,11
57,116,14
57,117,16
57,119,15
58,59,11
58,60,20
58,61,6
58,62,15
58,63,5
58,66,2
58,67,9
58,68,8
58,69,11
58,71,5
58,72,16
58,73,3
58,74,13
58,75,7
58,76,7
58,77,11
58,78,8
58,79,19
58,80,6
58,81,11
58,82,10
58,83,14
58,87,19
58,89,6
58,90,7
58,91,8
58,94,4
58,95,1
58,96,2
58,97,15
58,98,15
58,100,2
58,101,5
58,103,15
58,104,16
58,105,9
58,107,8
58,109,7
58,110,8
58,112,6
58,114,15
58,115,20
58,116,9
58,117,1
58,118,20
58,119,19
59,60,15
59,61,7
59,62,17
59,64,20
59,65,8
59,66,19
59,67,15
59,70,19
59,71,17
59,72,12
59,73,15
59,74,1
59,76,19
59,78,20
59,79,8
59,80,5
59,81,14
59,82,1
59,83,2
59,85,2
59,87,12
59,88,16
59,90,8
59,91,2
59,92,18
59,93,18
59,96,3
59,98,13
59,99,9
59,100,19
59,104,19
59,105,17
59,106,15
59,107,19
59,108,3
59,110,16
59,112,13
59,113,20
59,114,9
59,115,16
59,116,14
59,118,15
59,119,7
60,61,12
60,63,4
60,64,11
60,65,15
60,66,6
60,68,16
60,71,3
60,72,14
60,73,19
60,74,7
60,75,3
60,77,6
60,79,19
60,80,8
60,81,1
60,82,7
60,84,2
60,85,5
60,86,4
60,90,17
60,91,17
60,92,1
60,93,8
60,94,15
60,95,16
60,96,12
60,97,4
60,98,2
60,99,2
60,100,1
60,101,16
60,102,15
60,103,4
60,105,5
60,106,15
60,107,9
60,110,10
60,113,1
60,114,13
60,115,11
60,117,17
60,119,1
61,62,20
61,63,6
61,64,15
61,65,2
61,67,17
61,70,14
61,71,18
61,72,10
61,73,3
61,74,14
61,75,1
61,76,4
61,78,19
61,79,1
61,81,11
61,82,1
61,83,3
61,84,10
61,85,7
61,86,20
61,87,17
61,88,3
61,90,5
61,91,6
61,92,14
61,93,14
61,94,15
61,97,8
61,98,8
61,99,12
61,100,15
61,101,2
61,102,18
61,103,19
61,104,4
61,105,12
61,107,14
61,109,7
61,110,5
61,111,3
61,112,17
61,114,12
61,115,12
61,116,19
61,117,18
61,118,8
61,119,18
62,63,19
62,64,18
62,65,2
62,66,19
62,67,12
62,68,15
62,71,9
62,72,12
62,73,19
62,75,11
62,76,15
62,77,14
62,78,14
62,79,13
62,81,15
62,82,12
62,83,6
62,84,6
62,85,14
62,87,17
62,88,8
62,89,7
62,90,5
62,92,17
62,94,9
62,95,14
62,97,13
62,98,11
62,99,9
62,100,4
62,102,16
62,103,13
62,105,1
62,106,18
62,108,6
62,109,10
62,110,9
62,111,14
62,112,17
62,113,6
62,114,17
62,115,5
62,116,11
62,117,14
62,118,18
63,64,18
63,65,15
63,66,8
63,67,17
63,68,18
63,69,12
63,70,16
63,71,2
63,72,1
63,73,13
63,74,16
63,75,4
63,77,16
63,78,17
63,79,15
63,80,6
63,82,1
63,83,6
63,85,12
63,86,5
63,87,9
63,89,18
63,90,15
63,91,1
63,93,6
63,94,6
63,96,10
63,100,9
63,101,9
63,104,17
63,105,5
63,106,18
63,108,3
63,109,13
63,111,20
63,112,20
63,113,19
63,115,17
63,116,13
63,117,20
63,118,15
63,119,9
64,65,20
64,66,8
64,67,3
64,68,18
64,69,10
64,71,20
64,72,4
64,73,1
64,74,15
64,77,8
64,78,11
64,79,12
64,80,3
64,81,4
64,82,3
64,83,19
64,84,19
64,85,11
64,87,13
64,88,18
64,90,19
64,91,15
64,94,5
64,95,15
64,96,15
64,97,15
64,98,11
64,101,1
64,102,19
64,103,20
64,104,18
64,105,12
64,106,13
64,107,9
64,108,18
64,109,2
64,110,12
64,111,3
64,112,12
64,113,7
64,115,17
64,116,3
64,118,10
64,119,15
65,66,13
65,67,17
65,68,13
65,69,3
65,70,19
65,71,7
65,72,17
65,73,14
65,74,19
65,76,14
65,77,2
65,78,8
65,79,7
65,80,5
65,81,13
65,83,7
65,84,14
65,85,15
65,86,14
65,87,4
65,89,18
65,90,20
65,91,7
65,92,19
65,94,10
65,95,13
65,96,1
65,97,16
65,98,2
65,99,14
65,100,1
65,102,17
65,104,8
65,105,6
65,106,7
65,108,3
65,110,14
65,111,18
65,112,17
65,114,12
65,117,3
66,69,9
66,70,19
66,71,19
66,72,2
66,73,7
66,75,14
66,76,7
66,77,13
66,78,15
66,82,19
66,85,10
66,87,14
66,88,6
66,91,1
66,93,11
66,95,11
66,96,8
66,97,6
66,99,5
66,100,19
66,101,8
66,102,20
66,105,19
66,107,1
66,109,9
66,110,20
66,111,19
66,112,5
66,113,11
66,114,8
67,68,17
67,69,19
67,71,9
67,72,9
67,73,15
67,74,11
67,75,14
67,76,13
67,78,2
67,80,4
67,81,9
67,83,7
67,84,18
67,85,19
67,86,10
67,87,1
67,88,2
67,90,12
67,91,4
67,95,20
67,96,11
67,98,20
67,100,3
67,101,15
67,103,12
67,106,1
67,107,1
67,109,19
67,110,7
67,112,16
67,114,2
67,115,20
67,116,16
67,119,18
68,69,18
68,70,19
68,72,19
68,73,6
68,74,8
68,76,6
68,80,10
68,81,13
68,82,20
68,83,3
68,84,16
68,85,5
68,86,20
68,89,15
68,90,2
68,91,8
68,93,5
68,94,17
68,95,15
68,98,13
68,99,6
68,100,20
68,101,15
68,102,20
68,103,10
68,104,6
68,105,13
68,106,15
68,107,16
68,108,5
68,112,16
68,113,13
68,114,4
68,118,19
68,119,14
69,71,10
69,72,16
69,73,19
69,74,14
69,76,13
69,77,13
69,78,6
69,79,15
69,80,9
69,81,1
69,83,20
69,86,15
69,87,7
69,88,2
69,89,19
69,90,1
69,91,13
69,93,14
69,94,6
69,95,13
69,96,12
69,98,4
69,99,1
69,100,16
69,101,20
69,102,10
69,103,9
69,105,17
69,107,8
69,109,17
69,113,18
69,115,5
69,116,11
69,117,11
69,118,5
69,119,18
70,72,19
70,73,14
70,75,9
70,77,13
70,78,2
70,80,20
70,81,11
70,82,15
70,85,7
70,87,11
70,89,18
70,90,9
70,91,3
70,92,3
70,93,18
70,94,14
70,95,20
70,98,8
70,99,1
70,100,2
70,104,17
70,105,3
70,106,7
70,107,12
70,109,19
70,111,18
70,112,18
70,113,18
70,114,13
70,115,10
70,116,10
70,117,8
70,118,5
70,119,2
71,72,13
71,74,8
71,75,14
71,76,7
71,78,9
71,79,8
71,80,3
71,81,8
71,84,3
71,86,1
71,87,14
71,88,3
71,90,13
71,91,8
71,92,5
71,94,1
71,97,4
71,98,2
71,99,18
71,100,7
71,101,20
71,103,14
71,107,16
71,108,5
71,113,6
71,114,17
71,115,4
71,116,7
71,117,1
71,118,12
71,119,18
72,73,18
72,74,2
72,75,8
72,76,14
72,77,16
72,78,10
72,79,7
72,80,12
72,81,20
72,82,11
72,83,12
72,84,17
72,85,6
72,86,16
72,87,6
72,88,13
72,89,18
72,90,13
72,91,5
72,92,8
72,93,15
72,94,6
72,95,8
72,97,20
72,99,19
72,100,11
72,101,2
72,102,4
72,103,20
72,107,20
72,108,19
72,110,7
72,111,4
72,112,18
72,114,4
72,115,16
72,117,6
72,118,12
72,119,6
73,74,4
73,75,17
73,77,20
73,81,10
73,82,9
73,83,17
73,84,11
73,85,19
73,86,6
73,87,19
73,88,12
73,89,18
73,90,9
73,92,15
73,93,12
73,94,7
73,95,15
73,97,13
73,98,15
73,99,11
73,102,3
73,104,18
73,106,5
73,108,8
73,109,3
73,110,6
73,111,9
73,112,19
73,113,11
73,116,12
73,117,2
73,118,4
73,119,5
74,75,15
74,77,4
74,78,1
74,80,13
74,82,12
74,84,7
74,86,2
74,88,17
74,89,4
74,90,8
74,91,19
74,92,10
74,93,3
74,95,17
74,96,12
74,97,14
74,98,15
74,100,9
74,101,6
74,106,14
74,107,14
74,109,8
74,112,19
74,113,19
74,114,13
74,115,16
74,116,14
74,119,6
75,76,15
75,77,8
75,78,4
75,79,14
75,80,16
75,83,10
75,84,15
75,89,12
75,91,9
75,92,7
75,93,9
75,94,10
75,95,7
75,96,5
75,97,8
75,98,17
75,100,5
75,101,5
75,103,6
75,104,15
75,106,2
75,108,16
75,109,20
75,111,14
75,113,4
75,115,18
75,116,6
75,117,15
75,118,20
75,119,11
76,79,10
76,80,16
76,82,8
76,84,20
76,85,13
76,86,8
76,88,16
76,90,10
76,91,17
76,92,4
76,95,7
76,96,16
76,99,19
76,100,11
76,102,3
76,103,14
76,104,20
76,105,8
76,106,1
76,108,7
76,109,4
76,110,1
76,111,4
76,113,5
76,116,6
76,117,4
76,118,5
76,119,6
77,78,8
77,80,2
77,81,15
77,82,13
77,83,18
77,84,17
77,85,18
77,86,7
77,87,19
77,88,12
77,90,20
77,91,19
77,92,10
77,93,17
77,94,12
77,95,10
77,97,3
77,98,2
77,101,6
77,102,4
77,103,2
77,105,4
77,106,1
77,107,7
77,108,7
77,109,17
77,110,15
77,112,1
77,115,16
77,116,5
77,117,11
77,119,18
78,80,15
78,83,10
78,85,20
78,86,14
78,87,20
78,89,13
78,91,7
78,93,20
78,94,20
78,95,4
78,96,18
78,99,16
78,102,10
78,104,4
78,105,8
78,107,20
78,109,19
78,110,15
78,111,2
78,112,1
78,117,13
78,119,6
79,80,7
79,82,4
79,84,4
79,85,6
79,87,4
79,88,16
79,89,19
79,91,8
79,92,17
79,93,8
79,94,9
79,95,15
79,96,18
79,97,8
79,99,19
79,100,20
79,101,20
79,105,10
79,106,11
79,107,14
79,109,16
79,110,16
79,111,18
79,112,9
79,113,13
79,115,16
79,116,8
79,118,13
79,119,7
80,81,15
80,82,4
80,83,5
80,84,1
80,86,19
80,87,18
80,88,14
80,89,1
80,90,2
80,92,16
80,94,12
80,97,12
80,98,17
80,99,11
80,100,9
80,102,19
80,103,10
80,104,10
80,105,3
80,106,5
80,108,20
80,109,11
80,111,1
80,112,19
80,113,12
80,116,3
80,117,16
81,83,5
81,84,3
81,85,11
81,86,4
81,91,1
81,94,2
81,96,19
81,97,2
81,101,7
81,105,6
81,106,18
81,107,15
81,108,7
81,109,17
81,110,4
81,114,15
81,116,19
81,117,11
81,118,7
82,83,10
82,84,11
82,85,10
82,86,14
82,87,8
82,89,4
82,90,4
82,91,20
82,94,10
82,96,10
82,97,16
82,98,17
82,100,19
82,102,12
82,105,15
82,106,5
82,107,10
82,110,12
82,111,19
82,114,8
82,115,7
82,118,13
82,119,15
83,85,1
83,90,13
83,91,8
83,92,4
83,93,10
83,94,4
83,95,1
83,97,2
83,99,17
83,100,9
83,101,2
83,102,4
83,103,15
83,104,1
83,106,5
83,108,13
83,110,9
83,111,20
83,112,9
83,113,18
83,115,19
83,116,3
83,117,10
83,118,6
84,85,20
84,86,15
84,87,19
84,88,6
84,89,12
84,90,9
84,92,19
84,95,14
84,96,14
84,97,1
84,102,8
84,103,9
84,104,11
84,105,5
84,106,13
84,108,12
84,109,4
84,110,12
84,111,13
84,112,13
84,113,17
84,115,2
84,116,4
84,117,7
84,118,11
85,87,17
85,88,13
85,91,6
85,92,15
85,93,14
85,96,17
85,97,4
85,101,5
85,102,2
85,104,18
85,105,4
85,106,15
85,107,8
85,108,5
85,109,16
85,110,4
85,111,19
85,112,8
85,113,18
85,115,11
85,118,1
85,119,14
86,87,14
86,89,18
86,91,11
86,93,11
86,94,15
86,97,9
86,98,11
86,99,17
86,100,17
86,101,15
86,102,7
86,105,15
86,108,5
86,109,12
86,110,18
86,111,18
86,112,5
86,113,9
86,116,7
86,117,1
86,118,12
86,119,6
87,88,20
87,89,18
87,90,5
87,92,12
87,96,2
87,97,2
87,100,16
87,101,18
87,102,14
87,103,17
87,104,15
87,105,20
87,106,6
87,107,1
87,108,16
87,109,2
87,111,6
87,112,6
87,113,8
87,114,6
87,115,14
87,116,7
87,117,13
87,119,8
88,89,12
88,90,19
88,91,7
88,92,9
88,97,13
88,98,7
88,99,12
88,100,10
88,101,6
88,102,3
88,104,2
88,106,12
88,107,2
88,108,18
88,109,2
88,115,19
88,118,11
89,90,20
89,91,17
89,92,15
89,93,17
89,94,18
89,96,5
89,98,6
89,99,14
89,100,9
89,101,8
89,103,4
89,104,20
89,106,7
89,107,19
89,108,4
89,109,14
89,110,18
89,111,13
89,112,13
89,113,12
89,114,20
89,115,7
89,117,6
89,118,14
90,91,11
90,92,13
90,93,16
90,94,17
90,97,13
90,98,6
90,99,17
90,101,11
90,102,1
90,103,18
90,104,12
90,105,19
90,106,5
90,107,13
90,109,1
90,111,17
90,112,13
90,115,19
90,116,1
91,92,15
91,94,17
91,95,11
91,96,18
91,97,19
91,99,9
91,100,14
91,101,17
91,102,11
91,103,11
91,104,7
91,105,16
91,106,19
91,108,19
91,112,3
91,114,20
91,115,20
91,116,6
91,118,10
91,119,8
92,93,15
92,94,9
92,97,6
92,98,12
92,100,11
92,101,18
92,102,1
92,105,13
92,106,14
92,107,18
92,108,13
92,109,6
92,110,5
92,112,12
92,113,9
92,114,13
92,115,19
92,116,7
92,118,11
93,95,14
93,96,17
93,97,7
93,98,8
93,99,5
93,100,3
93,101,5
93,102,15
93,105,5
93,107,15
93,108,13
93,109,12
93,110,5
93,111,1
93,113,2
93,115,16
93,117,13
93,118,10
94,95,18
94,96,16
94,98,5
94,99,16
94,101,1
94,102,20
94,103,8
94,104,3
94,105,10
94,106,17
94,107,9
94,108,20
94,109,8
94,110,16
94,111,20
94,112,17
94,113,7
94,114,16
94,115,11
94,116,5
94,117,16
94,118,1
95,97,14
95,98,5
95,99,4
95,100,1
95,101,20
95,103,4
95,104,15
95,105,4
95,106,7
95,108,3
95,109,11
95,110,1
95,111,6
95,112,7
95,113,17
95,114,14
95,115,19
95,117,1
95,119,1
96,98,4
96,99,4
96,100,14
96,101,6
96,102,14
96,103,6
96,104,4
96,105,9
96,106,17
96,107,1
96,108,12
96,110,13
96,111,18
96,113,13
96,115,16
96,116,3
97,98,20
97,102,8
97,105,17
97,106,8
97,108,8
97,109,11
97,112,19
97,114,20
97,116,18
97,117,1
97,118,17
97,119,8
98,100,8
98,101,13
98,103,8
98,104,13
98,109,20
98,111,3
98,114,9
98,116,11
98,117,15
98,118,5
98,119,11
99,100,14
99,101,17
99,102,13
99,103,11
99,105,1
99,106,9
99,109,7
99,110,11
99,111,16
99,112,9
99,113,4
99,114,9
99,117,3
100,101,17
100,102,19
100,103,9
100,104,16
100,107,2
100,109,7
100,110,10
100,111,12
100,113,8
100,114,13
100,115,9
100,117,19
100,118,10
100,119,7
101,102,8
101,105,14
101,107,11
101,108,2
101,109,14
101,110,9
101,111,6
101,113,8
101,114,6
101,115,10
101,117,16
101,119,5
102,103,7
102,104,2
102,106,4
102,107,15
102,110,18
102,111,4
102,112,19
102,114,12
102,117,9
102,119,11
103,104,17
103,105,1
103,106,7
103,107,18
103,108,7
103,109,5
103,110,11
103,112,19
103,113,16
103,114,5
103,115,3
103,116,19
103,117,5
103,118,20
103,119,13
104,107,5
104,108,9
104,110,2
104,111,7
104,113,8
104,114,10
104,116,7
104,119,15
105,106,8
105,107,4
105,111,1
105,112,11
105,113,14
105,114,4
105,115,20
105,118,2
105,119,9
106,107,5
106,109,12
106,110,19
106,111,12
106,112,19
106,113,16
106,115,17
106,117,13
106,118,3
107,108,17
107,109,15
107,110,3
107,111,8
107,112,12
107,113,12
107,114,15
107,115,7
107,116,11
107,118,16
107,119,9
108,111,13
108,112,20
108,113,7
108,114,9
108,116,9
108,117,9
108,118,3
108,119,10
109,110,10
109,115,18
109,117,13
109,118,9
110,111,19
110,112,4
110,113,7
110,115,16
110,117,3
110,118,19
111,112,14
111,117,4
111,119,4
112,113,20
112,114,15
112,115,12
112,116,8
112,117,19
112,118,18
112,119,11
113,114,8
113,115,1
113,116,2
113,118,10
114,115,12
114,119,16
116,118,18
117,118,18
117,119,16
118,119,4
