0,1,9
0,2,20
0,3,6
0,4,2
0,5,1
0,6,20
0,7,17
0,8,4
0,9,10
0,10,19
0,11,12
0,12,15
0,13,17
0,14,16
0,15,4
0,16,15
0,17,16
0,18,5
0,19,11
0,20,15
0,21,14
0,22,16
0,23,5
0,24,15
0,25,19
0,26,11
0,27,8
0,28,13
0,29,13
0,30,4
0,31,10
0,32,4
0,33,6
0,34,9
0,35,12
0,36,19
0,37,5
0,38,8
0,39,20
0,40,8
0,41,15
0,42,20
0,43,16
0,44,13
0,45,11
0,46,1
0,47,10
0,48,18
0,49,18
0,50,15
0,51,13
0,52,1
0,53,1
0,54,13
0,55,6
0,56,1
0,57,3
0,58,2
0,59,14
0,60,16
0,61,1
0,62,10
0,63,18
0,64,16
0,65,5
0,66,18
0,67,16
0,68,12
0,69,16
0,70,14
0,71,17
0,72,1
0,73,6
0,74,7
0,75,13
0,76,15
0,77,5
0,78,10
0,79,17
0,80,13
0,81,17
0,82,6
0,83,16
0,84,1
0,85,4
0,86,2
0,87,13
0,88,17
0,89,11
0,90,11
0,91,11
0,92,12
0,93,10
0,94,17
0,95,1
0,96,4
0,97,1
0,98,11
0,99,4
0,100,6
0,101,5
0,102,19
0,103,16
0,104,15
0,105,10
0,106,2
0,107,13
0,108,6
0,109,19
0,110,11
0,111,1
0,112,15
0,113,17
0,114,8
0,115,1
0,116,14
0,117,14
0,118,14
0,119,16
0,120,13
0,121,12
0,122,17
0,123,12
0,124,14
0,125,9
0,126,1
0,127,11
0,128,13
0,129,9
0,130,8
0,131,19
0,132,11
0,133,17
0,134,15
0,135,13
0,136,7
0,137,6
0,138,11
0,139,19
0,140,3
0,141,1
0,142,6
0,143,13
0,144,20
0,145,16
0,146,20
0,147,5
0,148,6
0,149,8
0,150,16
0,151,8
0,152,14
0,153,11
0,154,14
0,155,10
0,156,10
0,157,9
0,158,15
0,159,13
0,160,12
0,161,19
0,162,19
0,163,10
0,164,16
0,165,4
0,166,10
0,167,18
0,168,2
0,169,19
0,170,3
0,171,12
0,172,17
0,173,10
0,174,13
0,175,16
0,176,10
0,177,11
0,178,11
0,179,5
0,180,19
0,181,5
0,182,4
0,183,3
0,184,18
0,185,18
0,186,4
0,187,17
0,188,4
0,189,8
0,190,12
0,191,19
0,192,7
0,193,11
0,194,9
0,195,16
0,196,2
0,197,20
0,198,13
0,199,8
1,2,14
1,3,5
1,4,20
1,5,12
1,6,4
1,7,12
1,8,16
1,9,10
1,10,5
1,11,7
1,12,12
1,13,19
1,14,8
1,15,9
1,16,1
1,17,10
1,18,5
1,19,15
1,20,15
1,21,17
1,22,18
1,23,11
1,24,12
1,25,18
1,26,10
1,27,18
1,28,14
1,29,3
1,30,5
1,31,19
1,32,3
1,33,1
1,34,16
1,35,13
1,36,2
1,37,20
1,38,2
1,39,11
1,40,1
1,41,19
1,42,11
1,43,4
1,44,18
1,45,20
1,46,14
1,47,7
1,48,15
1,49,12
1,50,1
1,51,15
1,52,8
1,53,19
1,54,11
1,55,16
1,56,7
1,57,19
1,58,20
1,59,14
1,60,4
1,61,9
1,62,12
1,63,18
1,64,15
1,65,5
1,66,6
1,67,8
1,68,9
1,69,12
1,70,11
1,71,11
1,72,3
1,73,20
1,74,16
1,75,2
1,76,8
1,77,2
1,78,16
1,79,19
1,80,7
1,81,8
1,82,10
1,83,3
1,84,16
1,85,9
1,86,1
1,87,6
1,88,19
1,89,14
1,90,2
1,91,10
1,92,17
1,93,12
1,94,17
1,95,6
1,96,18
1,97,19
1,98,8
1,99,10
1,100,18
1,101,7
1,102,2
1,103,17
1,104,4
1,105,5
1,106,14
1,107,17
1,108,19
1,109,20
1,110,15
1,111,5
1,112,20
1,113,4
1,114,2
1,115,20
1,116,8
1,117,14
1,118,16
1,119,10
1,120,20
1,121,14
1,122,14
1,123,11
1,124,2
1,125,12
1,126,18
1,127,8
1,128,19
1,129,14
1,130,18
1,131,18
1,132,10
1,133,13
1,134,8
1,135,7
1,136,11
1,137,11
1,138,4
1,139,12
1,140,18
1,141,16
1,142,5
1,143,11
1,144,1
1,145,13
1,146,18
1,147,12
1,148,13
1,149,9
1,150,13
1,151,4
1,152,20
1,153,8
1,154,18
1,155,5
1,156,20
1,157,18
1,158,11
1,159,14
1,160,2
1,161,18
1,162,16
1,163,15
1,164,2
1,165,8
1,166,12
1,167,20
1,168,15
1,169,5
1,170,3
1,171,19
1,172,13
1,173,17
1,174,17
1,175,5
1,176,8
1,177,1
1,178,20
1,179,5
1,180,2
1,181,20
1,182,17
1,183,16
1,184,13
1,185,8
1,186,3
1,187,17
1,188,7
1,189,11
1,190,14
1,191,18
1,192,20
1,193,7
1,194,17
1,195,5
1,196,20
1,197,1
1,198,7
1,199,19
2,3,20
2,4,7
2,5,14
2,6,20
2,7,20
2,8,10
2,9,13
2,10,20
2,11,11
2,12,1
2,13,13
2,14,5
2,15,14
2,16,1
2,17,9
2,18,5
2,19,16
2,20,18
2,21,1
2,22,14
2,23,4
2,24,9
2,25,3
2,26,5
2,27,4
2,28,10
2,29,18
2,30,8
2,31,12
2,32,3
2,33,6
2,34,6
2,35,6
2,36,8
2,37,7
2,38,20
2,39,16
2,40,6
2,41,15
2,42,17
2,43,13
2,44,4
2,45,13
2,46,6
2,47,19
2,48,13
2,49,16
2,50,11
2,51,10
2,52,20
2,53,5
2,54,5
2,55,15
2,56,4
2,57,7
2,58,6
2,59,6
2,60,11
2,61,9
2,62,12
2,63,1
2,64,7
2,65,11
2,66,9
2,67,20
2,68,11
2,69,11
2,70,20
2,71,7
2,72,15
2,73,20
2,74,8
2,75,13
2,76,3
2,77,12
2,78,7
2,79,9
2,80,9
2,81,2
2,82,11
2,83,2
2,84,5
2,85,12
2,86,16
2,87,1
2,88,9
2,89,14
2,90,11
2,91,6
2,92,18
2,93,4
2,94,14
2,95,4
2,96,8
2,97,20
2,98,8
2,99,11
2,100,19
2,101,7
2,102,9
2,103,13
2,104,14
2,105,3
2,106,4
2,107,1
2,108,18
2,109,13
2,110,14
2,111,11
2,112,15
2,113,15
2,114,9
2,115,9
2,116,13
2,117,18
2,118,20
2,119,13
2,120,3
2,121,16
2,122,10
2,123,11
2,124,18
2,125,8
2,126,5
2,127,1
2,128,18
2,129,8
2,130,19
2,131,4
2,132,14
2,133,5
2,134,17
2,135,15
2,136,1
2,137,14
2,138,4
2,139,19
2,140,6
2,141,13
2,142,14
2,143,4
2,144,8
2,145,7
2,146,15
2,147,3
2,148,12
2,149,14
2,150,10
2,151,1
2,152,12
2,153,4
2,154,8
2,155,12
2,156,13
2,157,4
2,158,9
2,159,3
2,160,9
2,161,7
2,162,20
2,163,10
2,164,17
2,165,18
2,166,19
2,167,17
2,168,2
2,169,20
2,170,17
2,171,6
2,172,12
2,173,15
2,174,9
2,175,10
2,176,20
2,177,19
2,178,12
2,179,5
2,180,3
2,181,6
2,182,7
2,183,14
2,184,9
2,185,5
2,186,9
2,187,16
2,188,6
2,189,17
2,190,8
2,191,9
2,192,11
2,193,11
2,194,6
2,195,3
2,196,5
2,197,14
2,198,19
2,199,7
3,4,4
3,5,4
3,6,20
3,7,13
3,8,12
3,9,18
3,10,4
3,11,18
3,12,8
3,13,6
3,14,7
3,15,17
3,16,13
3,17,18
3,18,5
3,19,17
3,20,11
3,21,10
3,22,2
3,23,13
3,24,19
3,25,7
3,26,4
3,27,7
3,28,7
3,29,19
3,30,10
3,31,17
3,32,4
3,33,3
3,34,14
3,35,2
3,36,14
3,37,20
3,38,3
3,39,10
3,40,4
3,41,17
3,42,2
3,43,11
3,44,3
3,45,15
3,46,8
3,47,13
3,48,3
3,49,8
3,50,18
3,51,11
3,52,17
3,53,2
3,54,8
3,55,8
3,56,8
3,57,18
3,58,13
3,59,2
3,60,12
3,61,9
3,62,12
3,63,1
3,64,19
3,65,8
3,66,5
3,67,19
3,68,6
3,69,1
3,70,5
3,71,18
3,72,19
3,73,3
3,74,18
3,75,7
3,76,2
3,77,7
3,78,17
3,79,8
3,80,1
3,81,20
3,82,18
3,83,18
3,84,9
3,85,1
3,86,1
3,87,7
3,88,1
3,89,17
3,90,2
3,91,20
3,92,10
3,93,8
3,94,1
3,95,12
3,96,3
3,97,13
3,98,7
3,99,10
3,100,17
3,101,18
3,102,17
3,103,2
3,104,6
3,105,9
3,106,17
3,107,10
3,108,8
3,109,12
3,110,1
3,111,10
3,112,10
3,113,10
3,114,6
3,115,13
3,116,5
3,117,11
3,118,8
3,119,14
3,120,17
3,121,5
3,122,12
3,123,4
3,124,2
3,125,20
3,126,2
3,127,20
3,128,11
3,129,17
3,130,16
3,131,2
3,132,14
3,133,8
3,134,15
3,135,7
3,136,19
3,137,10
3,138,12
3,139,7
3,140,2
3,141,18
3,142,10
3,143,8
3,144,11
3,145,8
3,146,20
3,147,10
3,148,9
3,149,11
3,150,13
3,151,3
3,152,17
3,153,6
3,154,20
3,155,20
3,156,14
3,157,9
3,158,4
3,159,12
3,160,8
3,161,12
3,162,13
3,163,7
3,164,3
3,165,7
3,166,13
3,167,4
3,168,19
3,169,1
3,170,16
3,171,15
3,172,8
3,173,17
3,174,13
3,175,17
3,176,4
3,177,4
3,178,11
3,179,8
3,180,3
3,181,6
3,182,6
3,183,12
3,184,3
3,185,2
3,186,3
3,187,14
3,188,17
3,189,1
3,190,1
3,191,4
3,192,2
3,193,1
3,194,6
3,195,8
3,196,16
3,197,15
3,198,8
3,199,8
4,5,20
4,6,19
4,7,18
4,8,6
4,9,13
4,10,7
4,11,7
4,12,5
4,13,9
4,14,13
4,15,14
4,16,1
4,17,17
4,18,10
4,19,4
4,20,19
4,21,11
4,22,20
4,23,11
4,24,10
4,25,19
4,26,9
4,27,9
4,28,8
4,29,11
4,30,8
4,31,9
4,32,16
4,33,8
4,34,6
4,35,5
4,36,3
4,37,17
4,38,20
4,39,9
4,40,7
4,41,16
4,42,16
4,43,16
4,44,8
4,45,7
4,46,9
4,47,1
4,48,6
4,49,13
4,50,18
4,51,8
4,52,11
4,53,18
4,54,15
4,55,7
4,56,10
4,57,10
4,58,19
4,59,1
4,60,18
4,61,13
4,62,5
4,63,17
4,64,15
4,65,14
4,66,1
4,67,5
4,68,9
4,69,15
4,70,7
4,71,16
4,72,3
4,73,1
4,74,13
4,75,5
4,76,8
4,77,8
4,78,20
4,79,10
4,80,18
4,81,20
4,82,11
4,83,10
4,84,14
4,85,3
4,86,13
4,87,1
4,88,3
4,89,6
4,90,12
4,91,16
4,92,19
4,93,15
4,94,8
4,95,16
4,96,17
4,97,1
4,98,1
4,99,13
4,100,15
4,101,12
4,102,5
4,103,11
4,104,17
4,105,15
4,106,8
4,107,6
4,108,14
4,109,20
4,110,18
4,111,1
4,112,13
4,113,15
4,114,15
4,115,4
4,116,16
4,117,1
4,118,2
4,119,6
4,120,11
4,121,5
4,122,1
4,123,18
4,124,9
4,125,9
4,126,17
4,127,18
4,128,12
4,129,5
4,130,18
4,131,7
4,132,12
4,133,3
4,134,2
4,135,12
4,136,19
4,137,1
4,138,2
4,139,13
4,140,14
4,141,4
4,142,5
4,143,2
4,144,19
4,145,17
4,146,11
4,147,20
4,148,8
4,149,7
4,150,5
4,151,5
4,152,17
4,153,1
4,154,7
4,155,15
4,156,8
4,157,7
4,158,16
4,159,8
4,160,2
4,161,4
4,162,18
4,163,11
4,164,18
4,165,8
4,166,13
4,167,3
4,168,17
4,169,7
4,170,7
4,171,12
4,172,14
4,173,1
4,174,7
4,175,11
4,176,13
4,177,5
4,178,7
4,179,17
4,180,13
4,181,14
4,182,20
4,183,9
4,184,14
4,185,15
4,186,6
4,187,7
4,188,20
4,189,17
4,190,10
4,191,12
4,192,12
4,193,9
4,194,19
4,195,14
4,196,6
4,197,20
4,198,18
4,199,13
5,6,13
5,7,11
5,8,12
5,9,16
5,10,3
5,11,12
5,12,18
5,13,10
5,14,19
5,15,4
5,16,13
5,17,13
5,18,7
5,19,19
5,20,20
5,21,19
5,22,20
5,23,8
5,24,17
5,25,16
5,26,1
5,27,15
5,28,13
5,29,8
5,30,12
5,31,20
5,32,4
5,33,1
5,34,2
5,35,12
5,36,18
5,37,2
5,38,4
5,39,7
5,40,8
5,41,15
5,42,11
5,43,16
5,44,11
5,45,16
5,46,17
5,47,15
5,48,18
5,49,16
5,50,11
5,51,5
5,52,20
5,53,20
5,54,14
5,55,9
5,56,6
5,57,15
5,58,18
5,59,4
5,60,7
5,61,10
5,62,15
5,63,19
5,64,6
5,65,7
5,66,6
5,67,11
5,68,10
5,69,1
5,70,16
5,71,17
5,72,6
5,73,18
5,74,6
5,75,2
5,76,2
5,77,6
5,78,9
5,79,12
5,80,19
5,81,13
5,82,6
5,83,12
5,84,18
5,85,1
5,86,3
5,87,14
5,88,17
5,89,1
5,90,5
5,91,18
5,92,11
5,93,9
5,94,5
5,95,1
5,96,19
5,97,17
5,98,12
5,99,19
5,100,5
5,101,10
5,102,11
5,103,12
5,104,7
5,105,2
5,106,18
5,107,19
5,108,8
5,109,2
5,110,7
5,111,17
5,112,15
5,113,13
5,114,12
5,115,9
5,116,8
5,117,10
5,118,19
5,119,16
5,120,13
5,121,13
5,122,19
5,123,8
5,124,3
5,125,20
5,126,13
5,127,10
5,128,19
5,129,13
5,130,19
5,131,4
5,132,3
5,133,8
5,134,16
5,135,11
5,136,10
5,137,12
5,138,11
5,139,1
5,140,17
5,141,19
5,142,19
5,143,13
5,144,16
5,145,6
5,146,13
5,147,6
5,148,15
5,149,17
5,150,4
5,151,20
5,152,20
5,153,9
5,154,19
5,155,10
5,156,16
5,157,9
5,158,18
5,159,15
5,160,15
5,161,10
5,162,5
5,163,8
5,164,9
5,165,15
5,166,13
5,167,20
5,168,17
5,169,14
5,170,3
5,171,13
5,172,19
5,173,9
5,174,14
5,175,5
5,176,12
5,177,15
5,178,7
5,179,2
5,180,5
5,181,19
5,182,11
5,183,19
5,184,1
5,185,13
5,186,11
5,187,11
5,188,12
5,189,20
5,190,7
5,191,1
5,192,14
5,193,5
5,194,1
5,195,8
5,196,18
5,197,5
5,198,2
5,199,6
6,7,16
6,8,16
6,9,8
6,10,9
6,11,18
6,12,14
6,13,6
6,14,12
6,15,17
6,16,6
6,17,4
6,18,8
6,19,15
6,20,13
6,21,3
6,22,17
6,23,20
6,24,14
6,25,7
6,26,19
6,27,8
6,28,16
6,29,16
6,30,3
6,31,18
6,32,7
6,33,5
6,34,17
6,35,18
6,36,10
6,37,16
6,38,11
6,39,12
6,40,17
6,41,12
6,42,20
6,43,7
6,44,3
6,45,1
6,46,19
6,47,17
6,48,12
6,49,19
6,50,19
6,51,1
6,52,2
6,53,8
6,54,13
6,55,1
6,56,11
6,57,1
6,58,12
6,59,18
6,60,9
6,61,9
6,62,9
6,63,14
6,64,13
6,65,12
6,66,20
6,67,5
6,68,1
6,69,6
6,70,1
6,71,16
6,72,19
6,73,13
6,74,6
6,75,3
6,76,17
6,77,16
6,78,7
6,79,10
6,80,15
6,81,12
6,82,2
6,83,4
6,84,2
6,85,20
6,86,1
6,87,20
6,88,19
6,89,13
6,90,7
6,91,19
6,92,16
6,93,17
6,94,7
6,95,12
6,96,4
6,97,10
6,98,1
6,99,1
6,100,11
6,101,17
6,102,13
6,103,6
6,104,17
6,105,3
6,106,5
6,107,20
6,108,9
6,109,14
6,110,1
6,111,18
6,112,18
6,113,4
6,114,3
6,115,16
6,116,8
6,117,7
6,118,1
6,119,15
6,120,19
6,121,4
6,122,3
6,123,14
6,124,18
6,125,7
6,126,1
6,127,2
6,128,8
6,129,12
6,130,14
6,131,18
6,132,18
6,133,4
6,134,6
6,135,14
6,136,14
6,137,8
6,138,16
6,139,7
6,140,17
6,141,12
6,142,18
6,143,6
6,144,11
6,145,11
6,146,20
6,147,18
6,148,15
6,149,14
6,150,18
6,151,17
6,152,20
6,153,3
6,154,5
6,155,9
6,156,14
6,157,3
6,158,20
6,159,14
6,160,3
6,161,7
6,162,3
6,163,3
6,164,16
6,165,8
6,166,3
6,167,20
6,168,6
6,169,3
6,170,4
6,171,13
6,172,20
6,173,12
6,174,17
6,175,10
6,176,20
6,177,8
6,178,3
6,179,9
6,180,9
6,181,9
6,182,16
6,183,15
6,184,10
6,185,16
6,186,16
6,187,15
6,188,1
6,189,1
6,190,5
6,191,15
6,192,13
6,193,3
6,194,2
6,195,4
6,196,15
6,197,16
6,198,6
6,199,18
7,8,15
7,9,10
7,10,18
7,11,5
7,12,11
7,13,14
7,14,18
7,15,3
7,16,5
7,17,8
7,18,15
7,19,9
7,20,6
7,21,20
7,22,20
7,23,7
7,24,10
7,25,7
7,26,17
7,27,20
7,28,16
7,29,2
7,30,9
7,31,10
7,32,17
7,33,18
7,34,15
7,35,2
7,36,19
7,37,2
7,38,1
7,39,17
7,40,18
7,41,8
7,42,3
7,43,5
7,44,13
7,45,1
7,46,4
7,47,5
7,48,3
7,49,19
7,50,9
7,51,6
7,52,6
7,53,7
7,54,4
7,55,2
7,56,6
7,57,9
7,58,10
7,59,9
7,60,5
7,61,20
7,62,11
7,63,4
7,64,12
7,65,5
7,66,7
7,67,10
7,68,12
7,69,9
7,70,9
7,71,5
7,72,4
7,73,12
7,74,13
7,75,5
7,76,19
7,77,12
7,78,16
7,79,19
7,80,8
7,81,3
7,82,16
7,83,7
7,84,12
7,85,14
7,86,15
7,87,10
7,88,4
7,89,13
7,90,4
7,91,12
7,92,3
7,93,6
7,94,16
7,95,17
7,96,16
7,97,16
7,98,4
7,99,1
7,100,17
7,101,4
7,102,3
7,103,8
7,104,10
7,105,10
7,106,20
7,107,6
7,108,15
7,109,8
7,110,12
7,111,17
7,112,9
7,113,9
7,114,16
7,115,10
7,116,12
7,117,10
7,118,19
7,119,7
7,120,12
7,121,2
7,122,16
7,123,18
7,124,8
7,125,2
7,126,11
7,127,9
7,128,19
7,129,12
7,130,15
7,131,20
7,132,5
7,133,3
7,134,6
7,135,17
7,136,15
7,137,7
7,138,5
7,139,4
7,140,9
7,141,6
7,142,9
7,143,4
7,144,10
7,145,17
7,146,2
7,147,5
7,148,9
7,149,2
7,150,13
7,151,16
7,152,12
7,153,1
7,154,10
7,155,18
7,156,9
7,157,20
7,158,11
7,159,16
7,160,16
7,161,6
7,162,6
7,163,17
7,164,15
7,165,11
7,166,5
7,167,11
7,168,19
7,169,11
7,170,4
7,171,5
7,172,3
7,173,16
7,174,5
7,175,19
7,176,16
7,177,13
7,178,15
7,179,11
7,180,17
7,181,19
7,182,18
7,183,8
7,184,14
7,185,8
7,186,13
7,187,3
7,188,12
7,189,20
7,190,3
7,191,7
7,192,3
7,193,8
7,194,7
7,195,16
7,196,4
7,197,7
7,198,10
7,199,6
8,9,20
8,10,3
8,11,16
8,12,2
8,13,11
8,14,12
8,15,17
8,16,7
8,17,5
8,18,9
8,19,11
8,20,6
8,21,17
8,22,17
8,23,8
8,24,7
8,25,3
8,26,17
8,27,10
8,28,16
8,29,3
8,30,15
8,31,17
8,32,20
8,33,3
8,34,14
8,35,8
8,36,5
8,37,1
8,38,8
8,39,1
8,40,15
8,41,15
8,42,2
8,43,15
8,44,9
8,45,11
8,46,13
8,47,20
8,48,16
8,49,1
8,50,8
8,51,9
8,52,6
8,53,4
8,54,13
8,55,20
8,56,1
8,57,3
8,58,5
8,59,7
8,60,1
8,61,9
8,62,14
8,63,7
8,64,3
8,65,5
8,66,19
8,67,8
8,68,13
8,69,7
8,70,14
8,71,4
8,72,3
8,73,6
8,74,12
8,75,18
8,76,18
8,77,15
8,78,15
8,79,10
8,80,20
8,81,6
8,82,18
8,83,9
8,84,10
8,85,2
8,86,4
8,87,9
8,88,5
8,89,2
8,90,3
8,91,14
8,92,13
8,93,12
8,94,20
8,95,3
8,96,2
8,97,4
8,98,14
8,99,2
8,100,9
8,101,5
8,102,3
8,103,15
8,104,10
8,105,18
8,106,18
8,107,16
8,108,19
8,109,3
8,110,12
8,111,11
8,112,11
8,113,16
8,114,12
8,115,9
8,116,16
8,117,11
8,118,8
8,119,16
8,120,11
8,121,8
8,122,10
8,123,7
8,124,7
8,125,14
8,126,7
8,127,3
8,128,12
8,129,4
8,130,3
8,131,18
8,132,14
8,133,17
8,134,10
8,135,15
8,136,3
8,137,7
8,138,4
8,139,10
8,140,14
8,141,11
8,142,12
8,143,20
8,144,11
8,145,20
8,146,19
8,147,5
8,148,9
8,149,4
8,150,7
8,151,10
8,152,8
8,153,3
8,154,19
8,155,6
8,156,16
8,157,8
8,158,9
8,159,5
8,160,2
8,161,17
8,162,17
8,163,17
8,164,15
8,165,15
8,166,17
8,167,1
8,168,5
8,169,13
8,170,12
8,171,19
8,172,4
8,173,10
8,174,6
8,175,18
8,176,3
8,177,18
8,178,8
8,179,17
8,180,20
8,181,15
8,182,5
8,183,6
8,184,6
8,185,10
8,186,8
8,187,6
8,188,9
8,189,1
8,190,2
8,191,19
8,192,7
8,193,13
8,194,10
8,195,14
8,196,10
8,197,16
8,198,11
8,199,9
9,10,14
9,11,5
9,12,18
9,13,6
9,14,3
9,15,3
9,16,19
9,17,12
9,18,5
9,19,6
9,20,9
9,21,17
9,22,12
9,23,4
9,24,3
9,25,11
9,26,16
9,27,4
9,28,8
9,29,10
9,30,9
9,31,1
9,32,5
9,33,9
9,34,16
9,35,13
9,36,13
9,37,17
9,38,1
9,39,14
9,40,16
9,41,13
9,42,11
9,43,9
9,44,13
9,45,16
9,46,13
9,47,2
9,48,10
9,49,4
9,50,18
9,51,10
9,52,19
9,53,14
9,54,18
9,55,18
9,56,16
9,57,6
9,58,14
9,59,1
9,60,16
9,61,19
9,62,8
9,63,5
9,64,2
9,65,16
9,66,4
9,67,20
9,68,20
9,69,8
9,70,14
9,71,2
9,72,4
9,73,5
9,74,17
9,75,19
9,76,8
9,77,14
9,78,3
9,79,15
9,80,2
9,81,11
9,82,13
9,83,10
9,84,6
9,85,14
9,86,18
9,87,13
9,88,8
9,89,20
9,90,19
9,91,7
9,92,11
9,93,9
9,94,20
9,95,20
9,96,8
9,97,7
9,98,2
9,99,9
9,100,12
9,101,6
9,102,15
9,103,7
9,104,4
9,105,13
9,106,1
9,107,5
9,108,9
9,109,15
9,110,18
9,111,8
9,112,6
9,113,7
9,114,13
9,115,19
9,116,6
9,117,4
9,118,1
9,119,10
9,120,3
9,121,9
9,122,11
9,123,11
9,124,2
9,125,13
9,126,8
9,127,17
9,128,2
9,129,9
9,130,17
9,131,13
9,132,1
9,133,14
9,134,12
9,135,6
9,136,18
9,137,20
9,138,4
9,139,19
9,140,16
9,141,7
9,142,11
9,143,1
9,144,16
9,145,3
9,146,2
9,147,7
9,148,1
9,149,1
9,150,3
9,151,8
9,152,17
9,153,12
9,154,3
9,155,20
9,156,20
9,157,18
9,158,13
9,159,9
9,160,18
9,161,11
9,162,3
9,163,5
9,164,13
9,165,10
9,166,1
9,167,4
9,168,15
9,169,12
9,170,12
9,171,16
9,172,14
9,173,10
9,174,7
9,175,13
9,176,15
9,177,5
9,178,15
9,179,3
9,180,1
9,181,6
9,182,1
9,183,2
9,184,10
9,185,5
9,186,19
9,187,5
9,188,12
9,189,15
9,190,9
9,191,13
9,192,9
9,193,6
9,194,2
9,195,10
9,196,7
9,197,3
9,198,20
9,199,19
10,11,1
10,12,13
10,13,8
10,14,11
10,15,2
10,16,9
10,17,9
10,18,11
10,19,2
10,20,12
10,21,13
10,22,1
10,23,17
10,24,12
10,25,20
10,26,2
10,27,11
10,28,12
10,29,4
10,30,5
10,31,2
10,32,1
10,33,19
10,34,3
10,35,14
10,36,13
10,37,20
10,38,11
10,39,16
10,40,2
10,41,1
10,42,4
10,43,12
10,44,2
10,45,4
10,46,1
10,47,18
10,48,20
10,49,18
10,50,18
10,51,11
10,52,16
10,53,15
10,54,4
10,55,18
10,56,12
10,57,20
10,58,1
10,59,3
10,60,10
10,61,11
10,62,5
10,63,17
10,64,3
10,65,3
10,66,14
10,67,16
10,68,16
10,69,13
10,70,9
10,71,9
10,72,3
10,73,5
10,74,20
10,75,14
10,76,17
10,77,9
10,78,14
10,79,5
10,80,2
10,81,19
10,82,17
10,83,20
10,84,19
10,85,15
10,86,10
10,87,3
10,88,9
10,89,14
10,90,7
10,91,16
10,92,8
10,93,8
10,94,2
10,95,8
10,96,3
10,97,3
10,98,16
10,99,1
10,100,17
10,101,10
10,102,11
10,103,16
10,104,13
10,105,1
10,106,9
10,107,5
10,108,9
10,109,20
10,110,6
10,111,4
10,112,20
10,113,4
10,114,1
10,115,3
10,116,7
10,117,7
10,118,14
10,119,1
10,120,3
10,121,15
10,122,13
10,123,11
10,124,16
10,125,5
10,126,13
10,127,11
10,128,11
10,129,13
10,130,14
10,131,12
10,132,5
10,133,9
10,134,20
10,135,4
10,136,10
10,137,15
10,138,19
10,139,12
10,140,3
10,141,7
10,142,12
10,143,13
10,144,20
10,145,11
10,146,13
10,147,20
10,148,14
10,149,20
10,150,10
10,151,1
10,152,16
10,153,14
10,154,5
10,155,12
10,156,7
10,157,18
10,158,9
10,159,14
10,160,18
10,161,12
10,162,8
10,163,8
10,164,14
10,165,4
10,166,8
10,167,4
10,168,13
10,169,3
10,170,10
10,171,3
10,172,8
10,173,17
10,174,13
10,175,19
10,176,2
10,177,19
10,178,13
10,179,15
10,180,17
10,181,18
10,182,13
10,183,9
10,184,17
10,185,4
10,186,8
10,187,10
10,188,9
10,189,2
10,190,19
10,191,16
10,192,4
10,193,6
10,194,10
10,195,18
10,196,5
10,197,20
10,198,6
10,199,14
11,12,9
11,13,11
11,14,5
11,15,15
11,16,6
11,17,2
11,18,4
11,19,19
11,20,9
11,21,20
11,22,17
11,23,11
11,24,18
11,25,17
11,26,11
11,27,15
11,28,1
11,29,7
11,30,16
11,31,13
11,32,5
11,33,11
11,34,8
11,35,4
11,36,8
11,37,20
11,38,4
11,39,9
11,40,19
11,41,3
11,42,2
11,43,13
11,44,20
11,45,20
11,46,13
11,47,7
11,48,3
11,49,1
11,50,17
11,51,10
11,52,3
11,53,18
11,54,10
11,55,1
11,56,4
11,57,10
11,58,10
11,59,20
11,60,18
11,61,19
11,62,13
11,63,16
11,64,11
11,65,16
11,66,3
11,67,14
11,68,2
11,69,14
11,70,3
11,71,2
11,72,18
11,73,2
11,74,16
11,75,8
11,76,19
11,77,10
11,78,12
11,79,11
11,80,1
11,81,20
11,82,12
11,83,8
11,84,6
11,85,11
11,86,17
11,87,17
11,88,17
11,89,1
11,90,11
11,91,16
11,92,16
11,93,5
11,94,14
11,95,19
11,96,17
11,97,7
11,98,15
11,99,10
11,100,6
11,101,10
11,102,1
11,103,15
11,104,1
11,105,7
11,106,10
11,107,16
11,108,12
11,109,6
11,110,8
11,111,3
11,112,16
11,113,20
11,114,17
11,115,5
11,116,15
11,117,10
11,118,10
11,119,7
11,120,10
11,121,17
11,122,15
11,123,14
11,124,16
11,125,9
11,126,8
11,127,16
11,128,3
11,129,14
11,130,2
11,131,9
11,132,1
11,133,20
11,134,2
11,135,11
11,136,4
11,137,13
11,138,4
11,139,11
11,140,3
11,141,4
11,142,15
11,143,3
11,144,3
11,145,14
11,146,8
11,147,5
11,148,3
11,149,7
11,150,2
11,151,16
11,152,19
11,153,6
11,154,2
11,155,4
11,156,13
11,157,9
11,158,14
11,159,8
11,160,3
11,161,2
11,162,9
11,163,1
11,164,19
11,165,6
11,166,3
11,167,19
11,168,19
11,169,4
11,170,6
11,171,20
11,172,12
11,173,18
11,174,6
11,175,5
11,176,20
11,177,4
11,178,14
11,179,17
11,180,8
11,181,5
11,182,4
11,183,1
11,184,20
11,185,13
11,186,1
11,187,4
11,188,7
11,189,11
11,190,13
11,191,5
11,192,4
11,193,6
11,194,8
11,195,19
11,196,2
11,197,11
11,198,18
11,199,8
12,13,9
12,14,13
12,15,16
12,16,9
12,17,19
12,18,20
12,19,11
12,20,10
12,21,11
12,22,3
12,23,16
12,24,11
12,25,3
12,26,15
12,27,20
12,28,2
12,29,8
12,30,3
12,31,3
12,32,12
12,33,18
12,34,20
12,35,2
12,36,16
12,37,16
12,38,1
12,39,6
12,40,20
12,41,8
12,42,13
12,43,8
12,44,5
12,45,17
12,46,10
12,47,9
12,48,2
12,49,16
12,50,18
12,51,18
12,52,13
12,53,16
12,54,14
12,55,5
12,56,3
12,57,8
12,58,19
12,59,18
12,60,19
12,61,1
12,62,14
12,63,7
12,64,12
12,65,5
12,66,13
12,67,15
12,68,14
12,69,5
12,70,1
12,71,16
12,72,14
12,73,13
12,74,18
12,75,5
12,76,19
12,77,2
12,78,11
12,79,19
12,80,6
12,81,16
12,82,16
12,83,9
12,84,20
12,85,11
12,86,16
12,87,5
12,88,11
12,89,14
12,90,5
12,91,13
12,92,11
12,93,19
12,94,19
12,95,11
12,96,12
12,97,9
12,98,15
12,99,13
12,100,14
12,101,4
12,102,8
12,103,6
12,104,14
12,105,14
12,106,10
12,107,19
12,108,19
12,109,12
12,110,20
12,111,17
12,112,5
12,113,3
12,114,14
12,115,6
12,116,4
12,117,8
12,118,17
12,119,11
12,120,20
12,121,1
12,122,7
12,123,3
12,124,13
12,125,17
12,126,1
12,127,10
12,128,14
12,129,15
12,130,4
12,131,1
12,132,14
12,133,15
12,134,20
12,135,12
12,136,9
12,137,9
12,138,11
12,139,16
12,140,9
12,141,11
12,142,9
12,143,11
12,144,15
12,145,13
12,146,3
12,147,5
12,148,2
12,149,16
12,150,2
12,151,11
12,152,7
12,153,8
12,154,17
12,155,4
12,156,16
12,157,14
12,158,14
12,159,10
12,160,3
12,161,14
12,162,15
12,163,16
12,164,15
12,165,9
12,166,2
12,167,5
12,168,4
12,169,13
12,170,10
12,171,1
12,172,3
12,173,13
12,174,5
12,175,18
12,176,20
12,177,12
12,178,15
12,179,11
12,180,3
12,181,3
12,182,19
12,183,10
12,184,5
12,185,13
12,186,13
12,187,9
12,188,14
12,189,18
12,190,14
12,191,11
12,192,18
12,193,4
12,194,3
12,195,5
12,196,17
12,197,3
12,198,3
12,199,2
13,14,5
13,15,20
13,16,16
13,17,5
13,18,8
13,19,16
13,20,16
13,21,3
13,22,16
13,23,17
13,24,9
13,25,17
13,26,8
13,27,1
13,28,11
13,29,13
13,30,16
13,31,17
13,32,17
13,33,3
13,34,4
13,35,3
13,36,12
13,37,13
13,38,12
13,39,18
13,40,9
13,41,19
13,42,12
13,43,17
13,44,6
13,45,9
13,46,6
13,47,17
13,48,15
13,49,5
13,50,12
13,51,12
13,52,4
13,53,10
13,54,13
13,55,20
13,56,1
13,57,2
13,58,16
13,59,14
13,60,15
13,61,16
13,62,6
13,63,8
13,64,14
13,65,3
13,66,18
13,67,20
13,68,7
13,69,18
13,70,9
13,71,10
13,72,5
13,73,15
13,74,4
13,75,7
13,76,18
13,77,20
13,78,20
13,79,3
13,80,1
13,81,20
13,82,10
13,83,15
13,84,20
13,85,20
13,86,14
13,87,19
13,88,20
13,89,12
13,90,9
13,91,1
13,92,20
13,93,13
13,94,13
13,95,17
13,96,12
13,97,10
13,98,16
13,99,17
13,100,7
13,101,7
13,102,1
13,103,12
13,104,11
13,105,5
13,106,8
13,107,15
13,108,19
13,109,2
13,110,5
13,111,17
13,112,14
13,113,6
13,114,1
13,115,9
13,116,3
13,117,16
13,118,6
13,119,2
13,120,18
13,121,6
13,122,19
13,123,8
13,124,6
13,125,6
13,126,18
13,127,12
13,128,10
13,129,1
13,130,12
13,131,16
13,132,16
13,133,12
13,134,19
13,135,10
13,136,18
13,137,6
13,138,16
13,139,5
13,140,18
13,141,4
13,142,10
13,143,6
13,144,19
13,145,18
13,146,10
13,147,6
13,148,5
13,149,18
13,150,16
13,151,11
13,152,5
13,153,7
13,154,16
13,155,6
13,156,1
13,157,5
13,158,18
13,159,19
13,160,17
13,161,17
13,162,12
13,163,19
13,164,3
13,165,5
13,166,16
13,167,2
13,168,4
13,169,18
13,170,5
13,171,19
13,172,9
13,173,10
13,174,3
13,175,5
13,176,11
13,177,17
13,178,5
13,179,4
13,180,8
13,181,1
13,182,4
13,183,1
13,184,10
13,185,2
13,186,2
13,187,9
13,188,20
13,189,8
13,190,9
13,191,19
13,192,7
13,193,4
13,194,11
13,195,12
13,196,5
13,197,15
13,198,14
13,199,20
14,15,14
14,16,8
14,17,10
14,18,3
14,19,4
14,20,12
14,21,4
14,22,19
14,23,4
14,24,13
14,25,2
14,26,10
14,27,5
14,28,11
14,29,20
14,30,8
14,31,11
14,32,14
14,33,5
14,34,18
14,35,1
14,36,17
14,37,4
14,38,18
14,39,3
14,40,10
14,41,2
14,42,15
14,43,2
14,44,2
14,45,4
14,46,20
14,47,2
14,48,10
14,49,2
14,50,5
14,51,16
14,52,9
14,53,19
14,54,16
14,55,11
14,56,15
14,57,11
14,58,6
14,59,12
14,60,15
14,61,9
14,62,1
14,63,5
14,64,16
14,65,1
14,66,4
14,67,15
14,68,12
14,69,9
14,70,10
14,71,15
14,72,15
14,73,7
14,74,7
14,75,2
14,76,15
14,77,15
14,78,15
14,79,8
14,80,6
14,81,5
14,82,7
14,83,13
14,84,6
14,85,3
14,86,3
14,87,3
14,88,3
14,89,7
14,90,6
14,91,19
14,92,9
14,93,11
14,94,11
14,95,6
14,96,14
14,97,7
14,98,4
14,99,7
14,100,10
14,101,2
14,102,18
14,103,13
14,104,9
14,105,19
14,106,8
14,107,19
14,108,3
14,109,15
14,110,12
14,111,3
14,112,8
14,113,14
14,114,7
14,115,8
14,116,16
14,117,15
14,118,20
14,119,5
14,120,15
14,121,3
14,122,1
14,123,10
14,124,5
14,125,8
14,126,10
14,127,13
14,128,17
14,129,17
14,130,15
14,131,7
14,132,14
14,133,15
14,134,7
14,135,16
14,136,15
14,137,20
14,138,17
14,139,11
14,140,2
14,141,18
14,142,14
14,143,5
14,144,8
14,145,7
14,146,19
14,147,9
14,148,2
14,149,17
14,150,14
14,151,18
14,152,14
14,153,3
14,154,12
14,155,14
14,156,19
14,157,8
14,158,13
14,159,15
14,160,3
14,161,10
14,162,17
14,163,6
14,164,7
14,165,3
14,166,4
14,167,7
14,168,4
14,169,8
14,170,9
14,171,9
14,172,13
14,173,15
14,174,5
14,175,2
14,176,9
14,177,18
14,178,13
14,179,12
14,180,5
14,181,6
14,182,19
14,183,13
14,184,9
14,185,11
14,186,18
14,187,10
14,188,14
14,189,19
14,190,4
14,191,11
14,192,7
14,193,3
14,194,7
14,195,18
14,196,15
14,197,1
14,198,2
14,199,4
15,16,16
15,17,2
15,18,19
15,19,14
15,20,7
15,21,2
15,22,12
15,23,19
15,24,13
15,25,11
15,26,17
15,27,3
15,28,18
15,29,1
15,30,19
15,31,15
15,32,8
15,33,1
15,34,18
15,35,6
15,36,14
15,37,10
15,38,13
15,39,14
15,40,15
15,41,3
15,42,1
15,43,2
15,44,1
15,45,7
15,46,2
15,47,11
15,48,15
15,49,11
15,50,19
15,51,16
15,52,5
15,53,8
15,54,19
15,55,2
15,56,17
15,57,12
15,58,4
15,59,16
15,60,7
15,61,19
15,62,1
15,63,9
15,64,18
15,65,2
15,66,5
15,67,14
15,68,6
15,69,14
15,70,18
15,71,2
15,72,12
15,73,12
15,74,1
15,75,18
15,76,1
15,77,13
15,78,16
15,79,20
15,80,15
15,81,8
15,82,13
15,83,14
15,84,2
15,85,8
15,86,15
15,87,20
15,88,15
15,89,7
15,90,13
15,91,2
15,92,14
15,93,2
15,94,19
15,95,4
15,96,7
15,97,5
15,98,12
15,99,7
15,100,13
15,101,8
15,102,7
15,103,13
15,104,18
15,105,14
15,106,13
15,107,16
15,108,12
15,109,3
15,110,6
15,111,19
15,112,7
15,113,7
15,114,5
15,115,15
15,116,20
15,117,19
15,118,17
15,119,12
15,120,18
15,121,11
15,122,1
15,123,14
15,124,15
15,125,19
15,126,8
15,127,15
15,128,10
15,129,4
15,130,10
15,131,11
15,132,5
15,133,18
15,134,20
15,135,1
15,136,2
15,137,8
15,138,10
15,139,16
15,140,14
15,141,10
15,142,3
15,143,20
15,144,11
15,145,2
15,146,6
15,147,1
15,148,17
15,149,12
15,150,15
15,151,10
15,152,12
15,153,9
15,154,4
15,155,7
15,156,10
15,157,19
15,158,17
15,159,15
15,160,19
15,161,13
15,162,17
15,163,9
15,164,20
15,165,4
15,166,15
15,167,14
15,168,18
15,169,3
15,170,19
15,171,7
15,172,11
15,173,15
15,174,12
15,175,9
15,176,12
15,177,18
15,178,6
15,179,17
15,180,17
15,181,9
15,182,17
15,183,20
15,184,16
15,185,11
15,186,7
15,187,4
15,188,12
15,189,1
15,190,11
15,191,2
15,192,4
15,193,13
15,194,17
15,195,17
15,196,9
15,197,12
15,198,7
15,199,10
16,17,16
16,18,8
16,19,12
16,20,1
16,21,14
16,22,7
16,23,2
16,24,15
16,25,9
16,26,6
16,27,14
16,28,10
16,29,19
16,30,15
16,31,9
16,32,18
16,33,16
16,34,1
16,35,16
16,36,14
16,37,12
16,38,17
16,39,4
16,40,10
16,41,12
16,42,14
16,43,13
16,44,10
16,45,8
16,46,8
16,47,12
16,48,17
16,49,15
16,50,20
16,51,17
16,52,7
16,53,19
16,54,3
16,55,3
16,56,3
16,57,19
16,58,7
16,59,3
16,60,10
16,61,20
16,62,20
16,63,15
16,64,9
16,65,7
16,66,12
16,67,12
16,68,6
16,69,4
16,70,12
16,71,15
16,72,15
16,73,14
16,74,7
16,75,12
16,76,11
16,77,2
16,78,16
16,79,7
16,80,10
16,81,18
16,82,3
16,83,4
16,84,2
16,85,14
16,86,12
16,87,9
16,88,12
16,89,10
16,90,20
16,91,17
16,92,13
16,93,12
16,94,19
16,95,9
16,96,9
16,97,11
16,98,9
16,99,13
16,100,4
16,101,17
16,102,5
16,103,10
16,104,7
16,105,1
16,106,12
16,107,18
16,108,17
16,109,14
16,110,18
16,111,8
16,112,18
16,113,5
16,114,6
16,115,17
16,116,14
16,117,19
16,118,10
16,119,17
16,120,11
16,121,9
16,122,13
16,123,12
16,124,1
16,125,4
16,126,11
16,127,17
16,128,15
16,129,4
16,130,17
16,131,14
16,132,15
16,133,1
16,134,11
16,135,9
16,136,19
16,137,4
16,138,1
16,139,18
16,140,17
16,141,3
16,142,13
16,143,11
16,144,16
16,145,2
16,146,1
16,147,18
16,148,16
16,149,17
16,150,19
16,151,20
16,152,9
16,153,16
16,154,14
16,155,6
16,156,16
16,157,19
16,158,9
16,159,19
16,160,6
16,161,6
16,162,4
16,163,7
16,164,11
16,165,12
16,166,2
16,167,15
16,168,14
16,169,13
16,170,10
16,171,7
16,172,3
16,173,16
16,174,19
16,175,18
16,176,1
16,177,20
16,178,2
16,179,6
16,180,6
16,181,1
16,182,8
16,183,2
16,184,4
16,185,20
16,186,17
16,187,14
16,188,9
16,189,6
16,190,17
16,191,19
16,192,14
16,193,4
16,194,12
16,195,9
16,196,7
16,197,10
16,198,10
16,199,14
17,18,13
17,19,20
17,20,18
17,21,3
17,22,17
17,23,20
17,24,7
17,25,18
17,26,15
17,27,3
17,28,4
17,29,5
17,30,12
17,31,2
17,32,18
17,33,20
17,34,20
17,35,3
17,36,4
17,37,2
17,38,20
17,39,19
17,40,11
17,41,7
17,42,18
17,43,9
17,44,14
17,45,15
17,46,6
17,47,8
17,48,7
17,49,10
17,50,10
17,51,9
17,52,3
17,53,9
17,54,10
17,55,7
17,56,18
17,57,2
17,58,10
17,59,3
17,60,11
17,61,14
17,62,14
17,63,5
17,64,12
17,65,1
17,66,7
17,67,20
17,68,4
17,69,19
17,70,8
17,71,17
17,72,17
17,73,14
17,74,1
17,75,2
17,76,8
17,77,10
17,78,19
17,79,4
17,80,19
17,81,4
17,82,1
17,83,11
17,84,14
17,85,8
17,86,14
17,87,11
17,88,18
17,89,14
17,90,20
17,91,4
17,92,16
17,93,19
17,94,14
17,95,19
17,96,1
17,97,1
17,98,3
17,99,4
17,100,18
17,101,5
17,102,11
17,103,1
17,104,17
17,105,7
17,106,11
17,107,6
17,108,6
17,109,6
17,110,19
17,111,1
17,112,16
17,113,14
17,114,9
17,115,1
17,116,5
17,117,4
17,118,9
17,119,17
17,120,12
17,121,3
17,122,2
17,123,17
17,124,6
17,125,15
17,126,11
17,127,2
17,128,20
17,129,13
17,130,14
17,131,13
17,132,2
17,133,10
17,134,18
17,135,1
17,136,20
17,137,14
17,138,19
17,139,4
17,140,17
17,141,7
17,142,19
17,143,12
17,144,2
17,145,18
17,146,20
17,147,5
17,148,8
17,149,18
17,150,20
17,151,16
17,152,18
17,153,12
17,154,18
17,155,5
17,156,18
17,157,9
17,158,3
17,159,16
17,160,4
17,161,3
17,162,20
17,163,11
17,164,7
17,165,15
17,166,15
17,167,18
17,168,6
17,169,15
17,170,6
17,171,17
17,172,2
17,173,6
17,174,13
17,175,11
17,176,10
17,177,2
17,178,14
17,179,11
17,180,14
17,181,8
17,182,12
17,183,8
17,184,5
17,185,10
17,186,14
17,187,9
17,188,2
17,189,2
17,190,13
17,191,16
17,192,2
17,193,3
17,194,19
17,195,11
17,196,18
17,197,16
17,198,13
17,199,1
18,19,8
18,20,12
18,21,9
18,22,15
18,23,12
18,24,11
18,25,7
18,26,6
18,27,11
18,28,20
18,29,10
18,30,14
18,31,19
18,32,12
18,33,10
18,34,11
18,35,2
18,36,17
18,37,4
18,38,2
18,39,19
18,40,19
18,41,15
18,42,3
18,43,8
18,44,7
18,45,19
18,46,9
18,47,4
18,48,2
18,49,16
18,50,9
18,51,8
18,52,7
18,53,13
18,54,5
18,55,6
18,56,5
18,57,16
18,58,18
18,59,10
18,60,9
18,61,2
18,62,8
18,63,15
18,64,16
18,65,3
18,66,10
18,67,16
18,68,1
18,69,10
18,70,15
18,71,9
18,72,19
18,73,2
18,74,19
18,75,15
18,76,16
18,77,13
18,78,6
18,79,20
18,80,8
18,81,11
18,82,15
18,83,8
18,84,3
18,85,11
18,86,6
18,87,15
18,88,8
18,89,7
18,90,11
18,91,12
18,92,16
18,93,11
18,94,6
18,95,11
18,96,4
18,97,9
18,98,9
18,99,9
18,100,14
18,101,10
18,102,6
18,103,18
18,104,15
18,105,5
18,106,8
18,107,18
18,108,20
18,109,1
18,110,11
18,111,2
18,112,15
18,113,6
18,114,15
18,115,19
18,116,14
18,117,1
18,118,14
18,119,14
18,120,8
18,121,4
18,122,11
18,123,7
18,124,1
18,125,6
18,126,17
18,127,10
18,128,17
18,129,14
18,130,17
18,131,3
18,132,19
18,133,5
18,134,11
18,135,19
18,136,20
18,137,14
18,138,7
18,139,5
18,140,9
18,141,1
18,142,7
18,143,18
18,144,3
18,145,3
18,146,12
18,147,16
18,148,12
18,149,17
18,150,12
18,151,10
18,152,8
18,153,19
18,154,18
18,155,18
18,156,13
18,157,16
18,158,12
18,159,16
18,160,16
18,161,18
18,162,17
18,163,15
18,164,7
18,165,11
18,166,10
18,167,11
18,168,12
18,169,5
18,170,7
18,171,1
18,172,13
18,173,14
18,174,9
18,175,13
18,176,13
18,177,12
18,178,17
18,179,12
18,180,3
18,181,7
18,182,7
18,183,2
18,184,14
18,185,20
18,186,14
18,187,13
18,188,15
18,189,18
18,190,14
18,191,20
18,192,9
18,193,16
18,194,20
18,195,20
18,196,18
18,197,19
18,198,19
18,199,18
19,20,14
19,21,18
19,22,1
19,23,4
19,24,17
19,25,18
19,26,16
19,27,3
19,28,14
19,29,5
19,30,13
19,31,5
19,32,8
19,33,2
19,34,14
19,35,6
19,36,7
19,37,16
19,38,7
19,39,19
19,40,17
19,41,7
19,42,2
19,43,11
19,44,15
19,45,6
19,46,8
19,47,14
19,48,7
19,49,15
19,50,3
19,51,16
19,52,10
19,53,12
19,54,12
19,55,6
19,56,8
19,57,16
19,58,15
19,59,13
19,60,14
19,61,1
19,62,5
19,63,6
19,64,8
19,65,12
19,66,17
19,67,8
19,68,2
19,69,10
19,70,11
19,71,2
19,72,17
19,73,17
19,74,4
19,75,6
19,76,1
19,77,11
19,78,12
19,79,7
19,80,11
19,81,12
19,82,19
19,83,14
19,84,11
19,85,18
19,86,8
19,87,4
19,88,4
19,89,19
19,90,14
19,91,17
19,92,9
19,93,4
19,94,11
19,95,16
19,96,6
19,97,15
19,98,3
19,99,12
19,100,18
19,101,19
19,102,3
19,103,16
19,104,20
19,105,16
19,106,5
19,107,19
19,108,17
19,109,11
19,110,20
19,111,3
19,112,10
19,113,18
19,114,17
19,115,19
19,116,19
19,117,20
19,118,12
19,119,10
19,120,12
19,121,14
19,122,14
19,123,20
19,124,4
19,125,3
19,126,19
19,127,2
19,128,19
19,129,10
19,130,14
19,131,16
19,132,13
19,133,2
19,134,20
19,135,9
19,136,4
19,137,16
19,138,15
19,139,8
19,140,11
19,141,3
19,142,19
19,143,13
19,144,8
19,145,2
19,146,8
19,147,15
19,148,1
19,149,9
19,150,18
19,151,3
19,152,12
19,153,17
19,154,7
19,155,5
19,156,15
19,157,16
19,158,15
19,159,14
19,160,1
19,161,11
19,162,3
19,163,10
19,164,5
19,165,5
19,166,7
19,167,10
19,168,16
19,169,7
19,170,14
19,171,4
19,172,13
19,173,4
19,174,19
19,175,4
19,176,10
19,177,10
19,178,18
19,179,13
19,180,12
19,181,4
19,182,7
19,183,16
19,184,5
19,185,3
19,186,3
19,187,14
19,188,9
19,189,19
19,190,6
19,191,8
19,192,1
19,193,13
19,194,12
19,195,2
19,196,4
19,197,7
19,198,3
19,199,16
20,21,12
20,22,2
20,23,5
20,24,20
20,25,5
20,26,16
20,27,1
20,28,2
20,29,7
20,30,18
20,31,8
20,32,3
20,33,4
20,34,15
20,35,10
20,36,14
20,37,10
20,38,20
20,39,12
20,40,9
20,41,3
20,42,5
20,43,18
20,44,20
20,45,6
20,46,4
20,47,18
20,48,1
20,49,14
20,50,5
20,51,20
20,52,18
20,53,20
20,54,12
20,55,11
20,56,7
20,57,7
20,58,11
20,59,15
20,60,12
20,61,10
20,62,18
20,63,9
20,64,6
20,65,16
20,66,14
20,67,2
20,68,14
20,69,9
20,70,7
20,71,11
20,72,11
20,73,5
20,74,11
20,75,6
20,76,13
20,77,4
20,78,19
20,79,16
20,80,2
20,81,12
20,82,5
20,83,7
20,84,5
20,85,14
20,86,4
20,87,14
20,88,16
20,89,18
20,90,17
20,91,7
20,92,16
20,93,20
20,94,18
20,95,4
20,96,9
20,97,2
20,98,15
20,99,19
20,100,7
20,101,7
20,102,19
20,103,17
20,104,5
20,105,9
20,106,8
20,107,5
20,108,18
20,109,13
20,110,2
20,111,19
20,112,6
20,113,8
20,114,5
20,115,13
20,116,17
20,117,19
20,118,1
20,119,8
20,120,16
20,121,13
20,122,8
20,123,1
20,124,19
20,125,3
20,126,4
20,127,7
20,128,18
20,129,4
20,130,9
20,131,9
20,132,10
20,133,11
20,134,1
20,135,9
20,136,13
20,137,20
20,138,3
20,139,19
20,140,12
20,141,10
20,142,19
20,143,9
20,144,1
20,145,13
20,146,10
20,147,11
20,148,13
20,149,16
20,150,15
20,151,18
20,152,4
20,153,6
20,154,1
20,155,17
20,156,6
20,157,8
20,158,14
20,159,1
20,160,4
20,161,2
20,162,15
20,163,1
20,164,17
20,165,3
20,166,20
20,167,20
20,168,17
20,169,18
20,170,8
20,171,20
20,172,19
20,173,3
20,174,3
20,175,11
20,176,12
20,177,16
20,178,2
20,179,7
20,180,18
20,181,13
20,182,11
20,183,6
20,184,6
20,185,8
20,186,20
20,187,11
20,188,3
20,189,17
20,190,3
20,191,16
20,192,15
20,193,15
20,194,7
20,195,1
20,196,10
20,197,15
20,198,8
20,199,15
21,22,20
21,23,4
21,24,4
21,25,5
21,26,14
21,27,5
21,28,16
21,29,7
21,30,16
21,31,17
21,32,1
21,33,2
21,34,19
21,35,1
21,36,18
21,37,16
21,38,12
21,39,4
21,40,19
21,41,17
21,42,9
21,43,17
21,44,17
21,45,2
21,46,7
21,47,19
21,48,18
21,49,20
21,50,3
21,51,7
21,52,20
21,53,20
21,54,9
21,55,8
21,56,6
21,57,1
21,58,13
21,59,6
21,60,9
21,61,10
21,62,1
21,63,11
21,64,7
21,65,11
21,66,9
21,67,2
21,68,18
21,69,15
21,70,20
21,71,16
21,72,9
21,73,19
21,74,2
21,75,17
21,76,14
21,77,1
21,78,14
21,79,12
21,80,4
21,81,12
21,82,15
21,83,11
21,84,14
21,85,18
21,86,10
21,87,10
21,88,18
21,89,2
21,90,1
21,91,11
21,92,13
21,93,9
21,94,8
21,95,6
21,96,7
21,97,4
21,98,14
21,99,10
21,100,19
21,101,10
21,102,7
21,103,8
21,104,2
21,105,6
21,106,4
21,107,10
21,108,1
21,109,3
21,110,11
21,111,20
21,112,9
21,113,1
21,114,8
21,115,16
21,116,20
21,117,20
21,118,7
21,119,20
21,120,4
21,121,3
21,122,8
21,123,19
21,124,4
21,125,1
21,126,5
21,127,7
21,128,7
21,129,6
21,130,7
21,131,8
21,132,15
21,133,4
21,134,8
21,135,1
21,136,1
21,137,13
21,138,15
21,139,6
21,140,5
21,141,14
21,142,17
21,143,6
21,144,1
21,145,16
21,146,8
21,147,11
21,148,20
21,149,9
21,150,6
21,151,2
21,152,11
21,153,18
21,154,17
21,155,6
21,156,4
21,157,14
21,158,5
21,159,4
21,160,3
21,161,1
21,162,16
21,163,20
21,164,5
21,165,7
21,166,18
21,167,1
21,168,5
21,169,17
21,170,3
21,171,6
21,172,3
21,173,14
21,174,17
21,175,10
21,176,6
21,177,18
21,178,11
21,179,8
21,180,17
21,181,2
21,182,4
21,183,17
21,184,9
21,185,13
21,186,13
21,187,19
21,188,5
21,189,20
21,190,12
21,191,3
21,192,18
21,193,8
21,194,17
21,195,16
21,196,15
21,197,7
21,198,7
21,199,4
22,23,4
22,24,20
22,25,18
22,26,17
22,27,2
22,28,3
22,29,2
22,30,4
22,31,3
22,32,4
22,33,18
22,34,1
22,35,19
22,36,3
22,37,11
22,38,16
22,39,16
22,40,7
22,41,11
22,42,14
22,43,19
22,44,18
22,45,8
22,46,2
22,47,6
22,48,19
22,49,11
22,50,2
22,51,16
22,52,17
22,53,14
22,54,3
22,55,16
22,56,5
22,57,17
22,58,18
22,59,15
22,60,1
22,61,19
22,62,9
22,63,5
22,64,2
22,65,19
22,66,13
22,67,10
22,68,15
22,69,18
22,70,13
22,71,6
22,72,7
22,73,20
22,74,16
22,75,7
22,76,13
22,77,17
22,78,3
22,79,9
22,80,5
22,81,4
22,82,11
22,83,18
22,84,8
22,85,20
22,86,2
22,87,5
22,88,2
22,89,1
22,90,3
22,91,10
22,92,2
22,93,10
22,94,8
22,95,6
22,96,19
22,97,2
22,98,2
22,99,13
22,100,5
22,101,2
22,102,7
22,103,10
22,104,14
22,105,13
22,106,8
22,107,18
22,108,15
22,109,17
22,110,1
22,111,15
22,112,11
22,113,14
22,114,1
22,115,9
22,116,11
22,117,13
22,118,18
22,119,18
22,120,10
22,121,14
22,122,15
22,123,1
22,124,13
22,125,2
22,126,2
22,127,10
22,128,15
22,129,13
22,130,5
22,131,15
22,132,11
22,133,5
22,134,8
22,135,17
22,136,10
22,137,20
22,138,15
22,139,13
22,140,13
22,141,18
22,142,13
22,143,11
22,144,19
22,145,11
22,146,17
22,147,19
22,148,3
22,149,2
22,150,11
22,151,16
22,152,4
22,153,18
22,154,7
22,155,19
22,156,8
22,157,2
22,158,4
22,159,16
22,160,4
22,161,19
22,162,11
22,163,20
22,164,5
22,165,4
22,166,14
22,167,3
22,168,20
22,169,4
22,170,16
22,171,16
22,172,12
22,173,19
22,174,3
22,175,17
22,176,2
22,177,18
22,178,16
22,179,10
22,180,1
22,181,20
22,182,10
22,183,19
22,184,18
22,185,10
22,186,14
22,187,18
22,188,6
22,189,1
22,190,7
22,191,17
22,192,19
22,193,3
22,194,8
22,195,10
22,196,5
22,197,18
22,198,13
22,199,12
23,24,6
23,25,7
23,26,14
23,27,10
23,28,13
23,29,6
23,30,11
23,31,19
23,32,13
23,33,3
23,34,13
23,35,6
23,36,1
23,37,17
23,38,11
23,39,19
23,40,19
23,41,6
23,42,1
23,43,15
23,44,4
23,45,17
23,46,5
23,47,10
23,48,15
23,49,13
23,50,1
23,51,19
23,52,4
23,53,20
23,54,13
23,55,7
23,56,4
23,57,14
23,58,8
23,59,16
23,60,13
23,61,16
23,62,9
23,63,11
23,64,11
23,65,5
23,66,4
23,67,9
23,68,15
23,69,17
23,70,14
23,71,1
23,72,3
23,73,12
23,74,14
23,75,5
23,76,11
23,77,13
23,78,3
23,79,9
23,80,13
23,81,6
23,82,14
23,83,8
23,84,13
23,85,1
23,86,5
23,87,7
23,88,14
23,89,2
23,90,4
23,91,16
23,92,2
23,93,13
23,94,4
23,95,13
23,96,2
23,97,15
23,98,20
23,99,20
23,100,4
23,101,2
23,102,18
23,103,13
23,104,5
23,105,12
23,106,17
23,107,7
23,108,15
23,109,10
23,110,9
23,111,5
23,112,11
23,113,7
23,114,11
23,115,13
23,116,5
23,117,14
23,118,20
23,119,6
23,120,3
23,121,19
23,122,14
23,123,8
23,124,6
23,125,3
23,126,6
23,127,15
23,128,7
23,129,7
23,130,12
23,131,13
23,132,1
23,133,18
23,134,10
23,135,10
23,136,15
23,137,1
23,138,16
23,139,20
23,140,4
23,141,1
23,142,10
23,143,18
23,144,6
23,145,18
23,146,6
23,147,2
23,148,18
23,149,7
23,150,1
23,151,3
23,152,9
23,153,4
23,154,18
23,155,4
23,156,20
23,157,11
23,158,1
23,159,15
23,160,10
23,161,14
23,162,8
23,163,8
23,164,6
23,165,20
23,166,7
23,167,14
23,168,1
23,169,10
23,170,15
23,171,4
23,172,8
23,173,12
23,174,12
23,175,5
23,176,15
23,177,15
23,178,10
23,179,8
23,180,17
23,181,4
23,182,11
23,183,4
23,184,17
23,185,18
23,186,7
23,187,16
23,188,11
23,189,1
23,190,3
23,191,10
23,192,11
23,193,8
23,194,13
23,195,5
23,196,18
23,197,13
23,198,8
23,199,16
24,25,20
24,26,18
24,27,10
24,28,18
24,29,1
24,30,5
24,31,7
24,32,8
24,33,18
24,34,14
24,35,9
24,36,10
24,37,5
24,38,19
24,39,4
24,40,20
24,41,2
24,42,13
24,43,7
24,44,5
24,45,12
24,46,1
24,47,2
24,48,5
24,49,4
24,50,14
24,51,9
24,52,10
24,53,14
24,54,9
24,55,1
24,56,15
24,57,11
24,58,10
24,59,10
24,60,20
24,61,3
24,62,8
24,63,11
24,64,3
24,65,10
24,66,7
24,67,4
24,68,1
24,69,13
24,70,4
24,71,9
24,72,3
24,73,2
24,74,12
24,75,2
24,76,4
24,77,11
24,78,8
24,79,6
24,80,18
24,81,19
24,82,4
24,83,1
24,84,4
24,85,9
24,86,1
24,87,7
24,88,15
24,89,5
24,90,17
24,91,3
24,92,8
24,93,10
24,94,5
24,95,16
24,96,6
24,97,3
24,98,11
24,99,4
24,100,19
24,101,13
24,102,16
24,103,9
24,104,19
24,105,12
24,106,15
24,107,15
24,108,1
24,109,14
24,110,20
24,111,13
24,112,6
24,113,16
24,114,15
24,115,15
24,116,9
24,117,6
24,118,7
24,119,16
24,120,13
24,121,11
24,122,6
24,123,3
24,124,15
24,125,3
24,126,4
24,127,15
24,128,5
24,129,2
24,130,15
24,131,13
24,132,12
24,133,16
24,134,2
24,135,13
24,136,20
24,137,5
24,138,15
24,139,20
24,140,5
24,141,5
24,142,17
24,143,10
24,144,2
24,145,14
24,146,10
24,147,16
24,148,4
24,149,6
24,150,10
24,151,11
24,152,10
24,153,17
24,154,18
24,155,4
24,156,14
24,157,11
24,158,18
24,159,6
24,160,1
24,161,2
24,162,19
24,163,11
24,164,19
24,165,18
24,166,17
24,167,4
24,168,9
24,169,5
24,170,7
24,171,16
24,172,8
24,173,16
24,174,10
24,175,10
24,176,20
24,177,2
24,178,18
24,179,11
24,180,20
24,181,18
24,182,4
24,183,12
24,184,20
24,185,16
24,186,9
24,187,13
24,188,12
24,189,14
24,190,17
24,191,12
24,192,7
24,193,3
24,194,5
24,195,11
24,196,8
24,197,12
24,198,1
24,199,3
25,26,2
25,27,3
25,28,19
25,29,8
25,30,9
25,31,11
25,32,4
25,33,7
25,34,12
25,35,4
25,36,1
25,37,7
25,38,9
25,39,18
25,40,18
25,41,12
25,42,17
25,43,16
25,44,20
25,45,2
25,46,15
25,47,17
25,48,7
25,49,12
25,50,8
25,51,15
25,52,6
25,53,6
25,54,18
25,55,18
25,56,7
25,57,19
25,58,15
25,59,12
25,60,11
25,61,7
25,62,4
25,63,12
25,64,15
25,65,6
25,66,17
25,67,1
25,68,10
25,69,4
25,70,12
25,71,20
25,72,1
25,73,2
25,74,13
25,75,6
25,76,12
25,77,4
25,78,5
25,79,1
25,80,8
25,81,11
25,82,10
25,83,16
25,84,9
25,85,9
25,86,12
25,87,13
25,88,5
25,89,19
25,90,6
25,91,20
25,92,10
25,93,18
25,94,11
25,95,14
25,96,11
25,97,12
25,98,20
25,99,7
25,100,19
25,101,3
25,102,13
25,103,1
25,104,16
25,105,11
25,106,9
25,107,14
25,108,4
25,109,9
25,110,18
25,111,13
25,112,13
25,113,15
25,114,20
25,115,12
25,116,14
25,117,11
25,118,9
25,119,18
25,120,1
25,121,6
25,122,18
25,123,11
25,124,12
25,125,4
25,126,18
25,127,10
25,128,9
25,129,19
25,130,3
25,131,2
25,132,20
25,133,1
25,134,10
25,135,4
25,136,1
25,137,13
25,138,13
25,139,9
25,140,4
25,141,10
25,142,12
25,143,13
25,144,5
25,145,12
25,146,19
25,147,6
25,148,8
25,149,9
25,150,17
25,151,15
25,152,7
25,153,6
25,154,20
25,155,5
25,156,12
25,157,5
25,158,1
25,159,3
25,160,4
25,161,18
25,162,15
25,163,9
25,164,12
25,165,20
25,166,20
25,167,4
25,168,10
25,169,4
25,170,3
25,171,3
25,172,3
25,173,7
25,174,11
25,175,19
25,176,8
25,177,6
25,178,19
25,179,8
25,180,14
25,181,20
25,182,18
25,183,13
25,184,5
25,185,5
25,186,17
25,187,16
25,188,10
25,189,15
25,190,11
25,191,14
25,192,2
25,193,7
25,194,18
25,195,15
25,196,2
25,197,15
25,198,2
25,199,16
26,27,19
26,28,8
26,29,2
26,30,15
26,31,14
26,32,20
26,33,7
26,34,10
26,35,1
26,36,19
26,37,11
26,38,10
26,39,18
26,40,20
26,41,18
26,42,5
26,43,16
26,44,1
26,45,16
26,46,4
26,47,2
26,48,20
26,49,19
26,50,16
26,51,15
26,52,2
26,53,5
26,54,20
26,55,16
26,56,4
26,57,9
26,58,10
26,59,10
26,60,19
26,61,12
26,62,11
26,63,17
26,64,7
26,65,18
26,66,17
26,67,13
26,68,1
26,69,9
26,70,8
26,71,12
26,72,16
26,73,15
26,74,9
26,75,6
26,76,20
26,77,20
26,78,3
26,79,11
26,80,7
26,81,11
26,82,4
26,83,3
26,84,1
26,85,11
26,86,19
26,87,19
26,88,7
26,89,13
26,90,14
26,91,1
26,92,4
26,93,1
26,94,19
26,95,16
26,96,20
26,97,12
26,98,10
26,99,19
26,100,3
26,101,9
26,102,18
26,103,8
26,104,7
26,105,18
26,106,3
26,107,3
26,108,5
26,109,3
26,110,11
26,111,19
26,112,13
26,113,16
26,114,12
26,115,4
26,116,8
26,117,18
26,118,1
26,119,13
26,120,1
26,121,19
26,122,10
26,123,20
26,124,16
26,125,7
26,126,3
26,127,20
26,128,15
26,129,10
26,130,4
26,131,16
26,132,2
26,133,10
26,134,11
26,135,15
26,136,4
26,137,20
26,138,3
26,139,11
26,140,4
26,141,11
26,142,15
26,143,17
26,144,17
26,145,6
26,146,3
26,147,15
26,148,20
26,149,19
26,150,7
26,151,20
26,152,5
26,153,19
26,154,8
26,155,7
26,156,19
26,157,6
26,158,15
26,159,7
26,160,8
26,161,18
26,162,2
26,163,19
26,164,2
26,165,2
26,166,3
26,167,16
26,168,11
26,169,18
26,170,3
26,171,17
26,172,17
26,173,11
26,174,5
26,175,20
26,176,10
26,177,4
26,178,7
26,179,10
26,180,20
26,181,14
26,182,3
26,183,20
26,184,2
26,185,2
26,186,15
26,187,19
26,188,8
26,189,2
26,190,5
26,191,3
26,192,13
26,193,15
26,194,19
26,195,16
26,196,14
26,197,4
26,198,9
26,199,20
27,28,5
27,29,13
27,30,17
27,31,14
27,32,5
27,33,17
27,34,2
27,35,17
27,36,10
27,37,17
27,38,5
27,39,17
27,40,18
27,41,17
27,42,14
27,43,7
27,44,7
27,45,3
27,46,11
27,47,1
27,48,11
27,49,10
27,50,17
27,51,6
27,52,11
27,53,9
27,54,11
27,55,13
27,56,4
27,57,17
27,58,2
27,59,19
27,60,3
27,61,8
27,62,20
27,63,3
27,64,19
27,65,18
27,66,9
27,67,18
27,68,17
27,69,10
27,70,20
27,71,7
27,72,7
27,73,17
27,74,11
27,75,9
27,76,17
27,77,11
27,78,9
27,79,18
27,80,10
27,81,18
27,82,8
27,83,11
27,84,14
27,85,13
27,86,16
27,87,2
27,88,8
27,89,8
27,90,17
27,91,6
27,92,3
27,93,15
27,94,6
27,95,4
27,96,9
27,97,8
27,98,20
27,99,14
27,100,19
27,101,9
27,102,10
27,103,13
27,104,6
27,105,20
27,106,18
27,107,12
27,108,3
27,109,1
27,110,11
27,111,4
27,112,6
27,113,18
27,114,1
27,115,11
27,116,6
27,117,2
27,118,13
27,119,4
27,120,18
27,121,20
27,122,7
27,123,15
27,124,9
27,125,13
27,126,8
27,127,10
27,128,2
27,129,12
27,130,16
27,131,8
27,132,4
27,133,15
27,134,2
27,135,20
27,136,14
27,137,15
27,138,3
27,139,17
27,140,15
27,141,19
27,142,16
27,143,9
27,144,5
27,145,2
27,146,19
27,147,8
27,148,17
27,149,18
27,150,16
27,151,2
27,152,15
27,153,7
27,154,13
27,155,17
27,156,10
27,157,12
27,158,13
27,159,9
27,160,18
27,161,4
27,162,3
27,163,4
27,164,12
27,165,2
27,166,12
27,167,13
27,168,4
27,169,3
27,170,19
27,171,12
27,172,20
27,173,11
27,174,16
27,175,6
27,176,11
27,177,15
27,178,13
27,179,2
27,180,13
27,181,5
27,182,6
27,183,4
27,184,7
27,185,6
27,186,10
27,187,2
27,188,1
27,189,3
27,190,9
27,191,14
27,192,6
27,193,9
27,194,16
27,195,6
27,196,15
27,197,2
27,198,12
27,199,5
28,29,17
28,30,12
28,31,4
28,32,8
28,33,6
28,34,8
28,35,3
28,36,6
28,37,13
28,38,10
28,39,10
28,40,19
28,41,19
28,42,13
28,43,17
28,44,18
28,45,12
28,46,15
28,47,19
28,48,18
28,49,11
28,50,11
28,51,19
28,52,20
28,53,7
28,54,13
28,55,1
28,56,9
28,57,11
28,58,5
28,59,19
28,60,13
28,61,13
28,62,9
28,63,1
28,64,13
28,65,20
28,66,2
28,67,5
28,68,1
28,69,14
28,70,4
28,71,20
28,72,12
28,73,8
28,74,1
28,75,19
28,76,19
28,77,13
28,78,6
28,79,17
28,80,9
28,81,5
28,82,9
28,83,17
28,84,6
28,85,4
28,86,10
28,87,17
28,88,13
28,89,3
28,90,6
28,91,20
28,92,16
28,93,20
28,94,18
28,95,13
28,96,2
28,97,1
28,98,20
28,99,4
28,100,12
28,101,16
28,102,19
28,103,9
28,104,16
28,105,2
28,106,16
28,107,3
28,108,20
28,109,7
28,110,11
28,111,13
28,112,7
28,113,12
28,114,16
28,115,7
28,116,13
28,117,2
28,118,7
28,119,19
28,120,6
28,121,17
28,122,20
28,123,18
28,124,15
28,125,5
28,126,5
28,127,14
28,128,6
28,129,17
28,130,7
28,131,20
28,132,3
28,133,11
28,134,15
28,135,20
28,136,2
28,137,8
28,138,11
28,139,8
28,140,6
28,141,10
28,142,15
28,143,7
28,144,8
28,145,10
28,146,16
28,147,15
28,148,10
28,149,2
28,150,15
28,151,14
28,152,6
28,153,13
28,154,15
28,155,5
28,156,19
28,157,5
28,158,12
28,159,10
28,160,13
28,161,2
28,162,13
28,163,5
28,164,1
28,165,13
28,166,8
28,167,13
28,168,12
28,169,12
28,170,18
28,171,7
28,172,12
28,173,10
28,174,13
28,175,7
28,176,1
28,177,16
28,178,4
28,179,8
28,180,15
28,181,6
28,182,3
28,183,20
28,184,17
28,185,7
28,186,11
28,187,9
28,188,1
28,189,6
28,190,4
28,191,9
28,192,6
28,193,10
28,194,20
28,195,17
28,196,3
28,197,19
28,198,20
28,199,3
29,30,17
29,31,12
29,32,7
29,33,8
29,34,12
29,35,6
29,36,8
29,37,17
29,38,13
29,39,15
29,40,18
29,41,15
29,42,1
29,43,13
29,44,3
29,45,19
29,46,2
29,47,13
29,48,17
29,49,4
29,50,1
29,51,13
29,52,20
29,53,16
29,54,3
29,55,7
29,56,11
29,57,15
29,58,14
29,59,20
29,60,11
29,61,1
29,62,4
29,63,2
29,64,3
29,65,18
29,66,5
29,67,12
29,68,16
29,69,3
29,70,10
29,71,12
29,72,11
29,73,12
29,74,14
29,75,19
29,76,11
29,77,16
29,78,17
29,79,9
29,80,12
29,81,12
29,82,20
29,83,9
29,84,15
29,85,10
29,86,11
29,87,2
29,88,20
29,89,5
29,90,12
29,91,13
29,92,6
29,93,17
29,94,20
29,95,18
29,96,3
29,97,5
29,98,2
29,99,7
29,100,5
29,101,8
29,102,9
29,103,19
29,104,15
29,105,6
29,106,4
29,107,15
29,108,8
29,109,18
29,110,3
29,111,6
29,112,11
29,113,1
29,114,13
29,115,15
29,116,9
29,117,16
29,118,6
29,119,13
29,120,17
29,121,12
29,122,1
29,123,17
29,124,12
29,125,16
29,126,11
29,127,18
29,128,3
29,129,17
29,130,17
29,131,16
29,132,14
29,133,18
29,134,7
29,135,12
29,136,16
29,137,18
29,138,16
29,139,15
29,140,6
29,141,17
29,142,11
29,143,5
29,144,10
29,145,14
29,146,20
29,147,14
29,148,4
29,149,5
29,150,10
29,151,3
29,152,13
29,153,10
29,154,8
29,155,14
29,156,13
29,157,17
29,158,2
29,159,20
29,160,20
29,161,13
29,162,9
29,163,10
29,164,10
29,165,11
29,166,5
29,167,17
29,168,8
29,169,1
29,170,13
29,171,5
29,172,18
29,173,7
29,174,1
29,175,15
29,176,19
29,177,12
29,178,2
29,179,1
29,180,1
29,181,6
29,182,7
29,183,2
29,184,1
29,185,4
29,186,7
29,187,20
29,188,7
29,189,16
29,190,10
29,191,9
29,192,7
29,193,15
29,194,19
29,195,17
29,196,6
29,197,6
29,198,15
29,199,14
30,31,15
30,32,18
30,33,15
30,34,18
30,35,1
30,36,7
30,37,11
30,38,14
30,39,4
30,40,11
30,41,3
30,42,19
30,43,9
30,44,5
30,45,8
30,46,19
30,47,1
30,48,7
30,49,17
30,50,3
30,51,5
30,52,2
30,53,14
30,54,2
30,55,14
30,56,5
30,57,15
30,58,16
30,59,5
30,60,2
30,61,12
30,62,3
30,63,6
30,64,17
30,65,20
30,66,15
30,67,8
30,68,11
30,69,20
30,70,5
30,71,9
30,72,10
30,73,6
30,74,13
30,75,17
30,76,13
30,77,18
30,78,13
30,79,19
30,80,15
30,81,14
30,82,20
30,83,18
30,84,14
30,85,8
30,86,17
30,87,17
30,88,10
30,89,12
30,90,2
30,91,9
30,92,17
30,93,7
30,94,1
30,95,10
30,96,9
30,97,5
30,98,17
30,99,18
30,100,9
30,101,15
30,102,15
30,103,12
30,104,9
30,105,2
30,106,2
30,107,8
30,108,2
30,109,6
30,110,6
30,111,19
30,112,8
30,113,6
30,114,15
30,115,2
30,116,18
30,117,1
30,118,5
30,119,2
30,120,17
30,121,6
30,122,17
30,123,3
30,124,13
30,125,10
30,126,15
30,127,11
30,128,12
30,129,2
30,130,12
30,131,12
30,132,3
30,133,17
30,134,8
30,135,11
30,136,4
30,137,2
30,138,18
30,139,20
30,140,18
30,141,2
30,142,14
30,143,18
30,144,20
30,145,18
30,146,1
30,147,18
30,148,14
30,149,10
30,150,5
30,151,8
30,152,13
30,153,16
30,154,3
30,155,3
30,156,20
30,157,19
30,158,17
30,159,12
30,160,1
30,161,17
30,162,2
30,163,15
30,164,2
30,165,7
30,166,12
30,167,13
30,168,13
30,169,8
30,170,18
30,171,17
30,172,16
30,173,9
30,174,18
30,175,8
30,176,18
30,177,11
30,178,5
30,179,10
30,180,12
30,181,4
30,182,3
30,183,3
30,184,13
30,185,12
30,186,9
30,187,3
30,188,1
30,189,20
30,190,9
30,191,2
30,192,20
30,193,6
30,194,13
30,195,5
30,196,9
30,197,4
30,198,10
30,199,9
31,32,10
31,33,3
31,34,19
31,35,15
31,36,3
31,37,7
31,38,2
31,39,13
31,40,17
31,41,13
31,42,14
31,43,12
31,44,4
31,45,18
31,46,17
31,47,13
31,48,18
31,49,2
31,50,5
31,51,15
31,52,16
31,53,11
31,54,10
31,55,11
31,56,16
31,57,11
31,58,11
31,59,9
31,60,19
31,61,18
31,62,6
31,63,2
31,64,17
31,65,2
31,66,15
31,67,6
31,68,11
31,69,19
31,70,8
31,71,6
31,72,18
31,73,16
31,74,18
31,75,1
31,76,4
31,77,13
31,78,20
31,79,16
31,80,9
31,81,17
31,82,13
31,83,5
31,84,4
31,85,2
31,86,7
31,87,10
31,88,2
31,89,14
31,90,11
31,91,2
31,92,7
31,93,16
31,94,1
31,95,15
31,96,2
31,97,20
31,98,3
31,99,8
31,100,18
31,101,13
31,102,18
31,103,11
31,104,11
31,105,10
31,106,4
31,107,6
31,108,11
31,109,16
31,110,6
31,111,18
31,112,19
31,113,17
31,114,17
31,115,7
31,116,3
31,117,1
31,118,10
31,119,14
31,120,9
31,121,15
31,122,7
31,123,10
31,124,6
31,125,6
31,126,16
31,127,16
31,128,20
31,129,3
31,130,15
31,131,11
31,132,6
31,133,12
31,134,2
31,135,3
31,136,6
31,137,11
31,138,18
31,139,13
31,140,6
31,141,18
31,142,15
31,143,20
31,144,14
31,145,20
31,146,2
31,147,14
31,148,18
31,149,8
31,150,11
31,151,14
31,152,20
31,153,13
31,154,4
31,155,5
31,156,10
31,157,9
31,158,11
31,159,6
31,160,6
31,161,6
31,162,7
31,163,14
31,164,9
31,165,12
31,166,20
31,167,20
31,168,5
31,169,2
31,170,4
31,171,8
31,172,5
31,173,16
31,174,19
31,175,7
31,176,10
31,177,8
31,178,15
31,179,1
31,180,13
31,181,16
31,182,5
31,183,9
31,184,7
31,185,20
31,186,17
31,187,17
31,188,16
31,189,19
31,190,5
31,191,16
31,192,7
31,193,6
31,194,8
31,195,12
31,196,11
31,197,8
31,198,15
31,199,20
32,33,5
32,34,7
32,35,2
32,36,18
32,37,16
32,38,13
32,39,20
32,40,16
32,41,17
32,42,17
32,43,9
32,44,4
32,45,7
32,46,20
32,47,5
32,48,3
32,49,9
32,50,15
32,51,13
32,52,5
32,53,13
32,54,10
32,55,11
32,56,7
32,57,14
32,58,12
32,59,2
32,60,3
32,61,1
32,62,15
32,63,2
32,64,1
32,65,1
32,66,10
32,67,11
32,68,19
32,69,9
32,70,19
32,71,7
32,72,20
32,73,16
32,74,16
32,75,15
32,76,13
32,77,4
32,78,11
32,79,3
32,80,5
32,81,10
32,82,3
32,83,3
32,84,1
32,85,2
32,86,13
32,87,2
32,88,4
32,89,14
32,90,10
32,91,6
32,92,9
32,93,10
32,94,1
32,95,19
32,96,14
32,97,1
32,98,18
32,99,18
32,100,8
32,101,10
32,102,12
32,103,12
32,104,6
32,105,18
32,106,17
32,107,5
32,108,6
32,109,8
32,110,14
32,111,14
32,112,1
32,113,5
32,114,15
32,115,17
32,116,7
32,117,3
32,118,5
32,119,19
32,120,16
32,121,3
32,122,11
32,123,11
32,124,19
32,125,3
32,126,5
32,127,6
32,128,6
32,129,5
32,130,8
32,131,13
32,132,8
32,133,1
32,134,1
32,135,3
32,136,10
32,137,12
32,138,9
32,139,9
32,140,10
32,141,2
32,142,14
32,143,9
32,144,17
32,145,18
32,146,18
32,147,7
32,148,14
32,149,6
32,150,7
32,151,5
32,152,17
32,153,12
32,154,16
32,155,12
32,156,19
32,157,6
32,158,12
32,159,17
32,160,3
32,161,15
32,162,7
32,163,4
32,164,14
32,165,2
32,166,20
32,167,3
32,168,13
32,169,2
32,170,19
32,171,6
32,172,15
32,173,7
32,174,13
32,175,8
32,176,11
32,177,4
32,178,15
32,179,6
32,180,5
32,181,2
32,182,13
32,183,13
32,184,6
32,185,9
32,186,11
32,187,15
32,188,15
32,189,4
32,190,15
32,191,5
32,192,17
32,193,7
32,194,1
32,195,20
32,196,18
32,197,11
32,198,13
32,199,12
33,34,8
33,35,7
33,36,4
33,37,18
33,38,8
33,39,3
33,40,19
33,41,1
33,42,10
33,43,4
33,44,19
33,45,16
33,46,14
33,47,7
33,48,14
33,49,7
33,50,9
33,51,17
33,52,8
33,53,14
33,54,5
33,55,10
33,56,1
33,57,5
33,58,15
33,59,16
33,60,16
33,61,6
33,62,15
33,63,12
33,64,4
33,65,13
33,66,11
33,67,8
33,68,2
33,69,5
33,70,13
33,71,20
33,72,2
33,73,2
33,74,13
33,75,15
33,76,17
33,77,20
33,78,4
33,79,11
33,80,7
33,81,2
33,82,3
33,83,6
33,84,7
33,85,6
33,86,1
33,87,3
33,88,7
33,89,2
33,90,18
33,91,8
33,92,14
33,93,17
33,94,9
33,95,20
33,96,8
33,97,11
33,98,14
33,99,18
33,100,13
33,101,17
33,102,11
33,103,12
33,104,5
33,105,12
33,106,16
33,107,10
33,108,9
33,109,17
33,110,10
33,111,10
33,112,11
33,113,20
33,114,10
33,115,4
33,116,6
33,117,12
33,118,20
33,119,11
33,120,9
33,121,10
33,122,12
33,123,19
33,124,9
33,125,4
33,126,1
33,127,14
33,128,16
33,129,8
33,130,11
33,131,1
33,132,20
33,133,9
33,134,1
33,135,15
33,136,5
33,137,9
33,138,1
33,139,9
33,140,2
33,141,17
33,142,11
33,143,5
33,144,13
33,145,10
33,146,19
33,147,6
33,148,6
33,149,8
33,150,2
33,151,18
33,152,10
33,153,13
33,154,10
33,155,5
33,156,3
33,157,15
33,158,20
33,159,3
33,160,14
33,161,6
33,162,19
33,163,18
33,164,5
33,165,13
33,166,18
33,167,19
33,168,3
33,169,9
33,170,15
33,171,12
33,172,2
33,173,8
33,174,12
33,175,5
33,176,7
33,177,13
33,178,3
33,179,7
33,180,7
33,181,1
33,182,1
33,183,11
33,184,16
33,185,19
33,186,7
33,187,20
33,188,2
33,189,14
33,190,2
33,191,8
33,192,2
33,193,17
33,194,15
33,195,19
33,196,3
33,197,10
33,198,16
33,199,9
34,35,10
34,36,7
34,37,17
34,38,6
34,39,5
34,40,12
34,41,2
34,42,7
34,43,8
34,44,3
34,45,17
34,46,18
34,47,3
34,48,13
34,49,7
34,50,13
34,51,1
34,52,2
34,53,18
34,54,9
34,55,1
34,56,3
34,57,6
34,58,20
34,59,9
34,60,15
34,61,16
34,62,8
34,63,3
34,64,7
34,65,7
34,66,3
34,67,18
34,68,11
34,69,11
34,70,7
34,71,2
34,72,19
34,73,7
34,74,6
34,75,10
34,76,20
34,77,12
34,78,14
34,79,11
34,80,9
34,81,14
34,82,13
34,83,2
34,84,10
34,85,10
34,86,16
34,87,6
34,88,12
34,89,12
34,90,4
34,91,12
34,92,10
34,93,4
34,94,2
34,95,11
34,96,20
34,97,14
34,98,7
34,99,16
34,100,10
34,101,7
34,102,6
34,103,1
34,104,8
34,105,18
34,106,4
34,107,16
34,108,11
34,109,9
34,110,7
34,111,16
34,112,16
34,113,6
34,114,20
34,115,19
34,116,10
34,117,3
34,118,6
34,119,3
34,120,11
34,121,14
34,122,16
34,123,1
34,124,10
34,125,4
34,126,9
34,127,14
34,128,12
34,129,2
34,130,8
34,131,5
34,132,18
34,133,16
34,134,2
34,135,3
34,136,7
34,137,15
34,138,17
34,139,14
34,140,8
34,141,14
34,142,19
34,143,1
34,144,1
34,145,13
34,146,4
34,147,18
34,148,5
34,149,11
34,150,4
34,151,18
34,152,16
34,153,19
34,154,20
34,155,13
34,156,4
34,157,9
34,158,8
34,159,13
34,160,11
34,161,15
34,162,3
34,163,7
34,164,8
34,165,8
34,166,2
34,167,15
34,168,15
34,169,17
34,170,20
34,171,19
34,172,7
34,173,5
34,174,9
34,175,5
34,176,4
34,177,7
34,178,18
34,179,6
34,180,5
34,181,6
34,182,11
34,183,5
34,184,7
34,185,7
34,186,14
34,187,1
34,188,5
34,189,13
34,190,16
34,191,15
34,192,5
34,193,17
34,194,14
34,195,13
34,196,6
34,197,2
34,198,5
34,199,18
35,36,1
35,37,10
35,38,16
35,39,17
35,40,17
35,41,15
35,42,11
35,43,4
35,44,17
35,45,13
35,46,18
35,47,14
35,48,14
35,49,4
35,50,10
35,51,6
35,52,13
35,53,20
35,54,19
35,55,4
35,56,15
35,57,11
35,58,9
35,59,15
35,60,6
35,61,13
35,62,16
35,63,8
35,64,14
35,65,7
35,66,1
35,67,12
35,68,4
35,69,7
35,70,4
35,71,15
35,72,6
35,73,2
35,74,7
35,75,15
35,76,14
35,77,6
35,78,7
35,79,13
35,80,8
35,81,5
35,82,20
35,83,16
35,84,12
35,85,11
35,86,17
35,87,10
35,88,13
35,89,9
35,90,1
35,91,12
35,92,11
35,93,13
35,94,5
35,95,12
35,96,11
35,97,14
35,98,8
35,99,9
35,100,6
35,101,17
35,102,17
35,103,20
35,104,12
35,105,20
35,106,14
35,107,6
35,108,6
35,109,8
35,110,16
35,111,2
35,112,17
35,113,11
35,114,14
35,115,19
35,116,11
35,117,17
35,118,17
35,119,10
35,120,16
35,121,14
35,122,15
35,123,11
35,124,9
35,125,6
35,126,2
35,127,17
35,128,19
35,129,6
35,130,17
35,131,1
35,132,6
35,133,19
35,134,2
35,135,15
35,136,5
35,137,9
35,138,8
35,139,8
35,140,18
35,141,16
35,142,9
35,143,16
35,144,19
35,145,1
35,146,4
35,147,15
35,148,5
35,149,5
35,150,18
35,151,12
35,152,7
35,153,15
35,154,9
35,155,12
35,156,4
35,157,14
35,158,8
35,159,6
35,160,14
35,161,2
35,162,6
35,163,7
35,164,19
35,165,17
35,166,6
35,167,4
35,168,6
35,169,5
35,170,10
35,171,13
35,172,15
35,173,18
35,174,19
35,175,2
35,176,10
35,177,11
35,178,20
35,179,2
35,180,13
35,181,1
35,182,14
35,183,12
35,184,9
35,185,17
35,186,8
35,187,17
35,188,15
35,189,4
35,190,17
35,191,14
35,192,14
35,193,10
35,194,16
35,195,11
35,196,15
35,197,8
35,198,3
35,199,7
36,37,3
36,38,17
36,39,9
36,40,8
36,41,8
36,42,6
36,43,20
36,44,11
36,45,13
36,46,18
36,47,1
36,48,10
36,49,20
36,50,19
36,51,6
36,52,14
36,53,18
36,54,2
36,55,3
36,56,20
36,57,19
36,58,19
36,59,15
36,60,18
36,61,17
36,62,6
36,63,18
36,64,16
36,65,16
36,66,1
36,67,9
36,68,16
36,69,2
36,70,3
36,71,18
36,72,9
36,73,12
36,74,8
36,75,1
36,76,3
36,77,14
36,78,13
36,79,1
36,80,12
36,81,2
36,82,8
36,83,17
36,84,12
36,85,16
36,86,11
36,87,5
36,88,3
36,89,13
36,90,3
36,91,5
36,92,13
36,93,10
36,94,9
36,95,13
36,96,3
36,97,9
36,98,1
36,99,20
36,100,10
36,101,8
36,102,7
36,103,12
36,104,12
36,105,5
36,106,15
36,107,18
36,108,20
36,109,5
36,110,18
36,111,4
36,112,2
36,113,1
36,114,6
36,115,17
36,116,18
36,117,6
36,118,17
36,119,6
36,120,8
36,121,18
36,122,11
36,123,1
36,124,8
36,125,9
36,126,9
36,127,9
36,128,20
36,129,11
36,130,8
36,131,2
36,132,17
36,133,14
36,134,17
36,135,7
36,136,4
36,137,8
36,138,17
36,139,10
36,140,11
36,141,2
36,142,20
36,143,7
36,144,6
36,145,15
36,146,13
36,147,14
36,148,20
36,149,5
36,150,15
36,151,3
36,152,7
36,153,4
36,154,15
36,155,14
36,156,8
36,157,17
36,158,13
36,159,5
36,160,16
36,161,11
36,162,1
36,163,15
36,164,2
36,165,10
36,166,6
36,167,6
36,168,2
36,169,15
36,170,9
36,171,5
36,172,14
36,173,10
36,174,14
36,175,10
36,176,15
36,177,20
36,178,5
36,179,8
36,180,2
36,181,3
36,182,9
36,183,20
36,184,15
36,185,10
36,186,18
36,187,11
36,188,20
36,189,15
36,190,7
36,191,20
36,192,11
36,193,10
36,194,2
36,195,9
36,196,13
36,197,20
36,198,20
36,199,1
37,38,2
37,39,7
37,40,18
37,41,18
37,42,19
37,43,17
37,44,15
37,45,7
37,46,6
37,47,3
37,48,14
37,49,9
37,50,9
37,51,18
37,52,6
37,53,19
37,54,16
37,55,8
37,56,10
37,57,10
37,58,13
37,59,8
37,60,1
37,61,17
37,62,6
37,63,15
37,64,18
37,65,19
37,66,10
37,67,1
37,68,1
37,69,15
37,70,1
37,71,13
37,72,4
37,73,18
37,74,19
37,75,13
37,76,17
37,77,11
37,78,13
37,79,8
37,80,8
37,81,8
37,82,2
37,83,15
37,84,20
37,85,4
37,86,19
37,87,13
37,88,13
37,89,20
37,90,8
37,91,13
37,92,13
37,93,14
37,94,20
37,95,10
37,96,20
37,97,1
37,98,7
37,99,19
37,100,6
37,101,20
37,102,5
37,103,5
37,104,8
37,105,12
37,106,12
37,107,1
37,108,3
37,109,14
37,110,17
37,111,12
37,112,9
37,113,9
37,114,11
37,115,5
37,116,19
37,117,16
37,118,5
37,119,2
37,120,17
37,121,4
37,122,1
37,123,13
37,124,16
37,125,17
37,126,19
37,127,2
37,128,4
37,129,9
37,130,12
37,131,17
37,132,11
37,133,15
37,134,12
37,135,1
37,136,9
37,137,13
37,138,7
37,139,3
37,140,4
37,141,11
37,142,9
37,143,8
37,144,12
37,145,15
37,146,9
37,147,6
37,148,11
37,149,19
37,150,5
37,151,20
37,152,9
37,153,11
37,154,11
37,155,2
37,156,8
37,157,9
37,158,4
37,159,3
37,160,8
37,161,15
37,162,19
37,163,2
37,164,16
37,165,7
37,166,17
37,167,6
37,168,11
37,169,2
37,170,4
37,171,17
37,172,6
37,173,3
37,174,11
37,175,16
37,176,9
37,177,4
37,178,14
37,179,18
37,180,5
37,181,13
37,182,5
37,183,4
37,184,2
37,185,8
37,186,16
37,187,2
37,188,15
37,189,2
37,190,15
37,191,3
37,192,3
37,193,3
37,194,8
37,195,13
37,196,13
37,197,16
37,198,2
37,199,19
38,39,17
38,40,11
38,41,7
38,42,12
38,43,5
38,44,16
38,45,16
38,46,1
38,47,11
38,48,20
38,49,13
38,50,14
38,51,4
38,52,3
38,53,20
38,54,2
38,55,16
38,56,8
38,57,12
38,58,8
38,59,13
38,60,4
38,61,4
38,62,7
38,63,3
38,64,12
38,65,10
38,66,15
38,67,10
38,68,9
38,69,20
38,70,18
38,71,11
38,72,19
38,73,3
38,74,1
38,75,15
38,76,9
38,77,14
38,78,16
38,79,17
38,80,13
38,81,11
38,82,12
38,83,13
38,84,9
38,85,9
38,86,14
38,87,1
38,88,8
38,89,6
38,90,19
38,91,12
38,92,13
38,93,15
38,94,17
38,95,20
38,96,16
38,97,14
38,98,2
38,99,4
38,100,13
38,101,19
38,102,20
38,103,14
38,104,19
38,105,5
38,106,12
38,107,18
38,108,5
38,109,1
38,110,6
38,111,13
38,112,5
38,113,8
38,114,1
38,115,14
38,116,20
38,117,6
38,118,5
38,119,8
38,120,8
38,121,1
38,122,7
38,123,19
38,124,9
38,125,12
38,126,8
38,127,17
38,128,8
38,129,12
38,130,2
38,131,16
38,132,9
38,133,16
38,134,19
38,135,17
38,136,1
38,137,2
38,138,8
38,139,15
38,140,12
38,141,11
38,142,3
38,143,20
38,144,7
38,145,6
38,146,1
38,147,6
38,148,4
38,149,20
38,150,12
38,151,10
38,152,5
38,153,8
38,154,16
38,155,20
38,156,10
38,157,8
38,158,5
38,159,12
38,160,8
38,161,4
38,162,17
38,163,1
38,164,11
38,165,9
38,166,13
38,167,6
38,168,9
38,169,2
38,170,13
38,171,5
38,172,5
38,173,1
38,174,14
38,175,1
38,176,9
38,177,7
38,178,17
38,179,8
38,180,9
38,181,15
38,182,15
38,183,12
38,184,16
38,185,5
38,186,20
38,187,2
38,188,2
38,189,3
38,190,8
38,191,4
38,192,14
38,193,16
38,194,4
38,195,6
38,196,10
38,197,16
38,198,14
38,199,19
39,40,3
39,41,10
39,42,2
39,43,20
39,44,3
39,45,18
39,46,12
39,47,16
39,48,6
39,49,20
39,50,7
39,51,7
39,52,6
39,53,3
39,54,13
39,55,18
39,56,15
39,57,2
39,58,11
39,59,18
39,60,6
39,61,8
39,62,19
39,63,7
39,64,10
39,65,5
39,66,13
39,67,8
39,68,10
39,69,2
39,70,12
39,71,13
39,72,11
39,73,16
39,74,1
39,75,2
39,76,15
39,77,6
39,78,20
39,79,6
39,80,4
39,81,9
39,82,15
39,83,11
39,84,20
39,85,5
39,86,9
39,87,5
39,88,9
39,89,3
39,90,8
39,91,16
39,92,3
39,93,4
39,94,12
39,95,7
39,96,10
39,97,16
39,98,16
39,99,2
39,100,9
39,101,16
39,102,9
39,103,16
39,104,3
39,105,7
39,106,20
39,107,17
39,108,6
39,109,11
39,110,6
39,111,5
39,112,15
39,113,18
39,114,13
39,115,8
39,116,14
39,117,12
39,118,17
39,119,6
39,120,3
39,121,10
39,122,9
39,123,1
39,124,1
39,125,11
39,126,17
39,127,14
39,128,7
39,129,5
39,130,20
39,131,7
39,132,14
39,133,2
39,134,4
39,135,8
39,136,14
39,137,16
39,138,20
39,139,16
39,140,4
39,141,2
39,142,5
39,143,19
39,144,17
39,145,15
39,146,11
39,147,18
39,148,11
39,149,9
39,150,14
39,151,5
39,152,10
39,153,7
39,154,2
39,155,18
39,156,17
39,157,16
39,158,6
39,159,5
39,160,18
39,161,7
39,162,6
39,163,15
39,164,1
39,165,14
39,166,3
39,167,14
39,168,19
39,169,9
39,170,1
39,171,10
39,172,6
39,173,9
39,174,2
39,175,6
39,176,8
39,177,2
39,178,12
39,179,18
39,180,15
39,181,14
39,182,15
39,183,15
39,184,20
39,185,4
39,186,19
39,187,14
39,188,11
39,189,15
39,190,12
39,191,12
39,192,19
39,193,7
39,194,12
39,195,4
39,196,10
39,197,3
39,198,20
39,199,19
40,41,8
40,42,20
40,43,19
40,44,9
40,45,16
40,46,20
40,47,6
40,48,17
40,49,2
40,50,17
40,51,8
40,52,7
40,53,12
40,54,14
40,55,16
40,56,9
40,57,18
40,58,15
40,59,2
40,60,14
40,61,18
40,62,6
40,63,2
40,64,6
40,65,13
40,66,6
40,67,14
40,68,3
40,69,18
40,70,16
40,71,11
40,72,10
40,73,4
40,74,20
40,75,9
40,76,17
40,77,3
40,78,6
40,79,14
40,80,20
40,81,16
40,82,12
40,83,10
40,84,4
40,85,13
40,86,2
40,87,4
40,88,14
40,89,17
40,90,20
40,91,3
40,92,3
40,93,18
40,94,6
40,95,3
40,96,20
40,97,1
40,98,14
40,99,20
40,100,14
40,101,7
40,102,9
40,103,18
40,104,9
40,105,18
40,106,16
40,107,12
40,108,2
40,109,5
40,110,10
40,111,15
40,112,9
40,113,7
40,114,7
40,115,11
40,116,8
40,117,17
40,118,14
40,119,15
40,120,10
40,121,19
40,122,3
40,123,14
40,124,17
40,125,20
40,126,15
40,127,2
40,128,20
40,129,3
40,130,13
40,131,12
40,132,13
40,133,9
40,134,5
40,135,13
40,136,8
40,137,14
40,138,20
40,139,20
40,140,13
40,141,2
40,142,8
40,143,9
40,144,16
40,145,14
40,146,19
40,147,13
40,148,11
40,149,11
40,150,11
40,151,10
40,152,16
40,153,20
40,154,20
40,155,3
40,156,3
40,157,11
40,158,12
40,159,7
40,160,17
40,161,7
40,162,1
40,163,11
40,164,14
40,165,2
40,166,8
40,167,16
40,168,17
40,169,6
40,170,7
40,171,18
40,172,13
40,173,15
40,174,9
40,175,3
40,176,14
40,177,10
40,178,13
40,179,8
40,180,17
40,181,2
40,182,10
40,183,14
40,184,17
40,185,12
40,186,7
40,187,9
40,188,14
40,189,18
40,190,10
40,191,10
40,192,2
40,193,20
40,194,11
40,195,6
40,196,11
40,197,10
40,198,19
40,199,12
41,42,14
41,43,14
41,44,15
41,45,4
41,46,19
41,47,9
41,48,3
41,49,5
41,50,4
41,51,4
41,52,7
41,53,5
41,54,17
41,55,11
41,56,14
41,57,12
41,58,20
41,59,8
41,60,19
41,61,4
41,62,10
41,63,20
41,64,15
41,65,6
41,66,9
41,67,15
41,68,12
41,69,7
41,70,12
41,71,6
41,72,16
41,73,1
41,74,5
41,75,2
41,76,14
41,77,10
41,78,18
41,79,12
41,80,10
41,81,18
41,82,4
41,83,17
41,84,3
41,85,1
41,86,5
41,87,17
41,88,13
41,89,15
41,90,20
41,91,13
41,92,8
41,93,3
41,94,9
41,95,1
41,96,13
41,97,19
41,98,3
41,99,15
41,100,13
41,101,9
41,102,15
41,103,9
41,104,9
41,105,7
41,106,11
41,107,13
41,108,12
41,109,19
41,110,8
41,111,19
41,112,14
41,113,9
41,114,9
41,115,13
41,116,20
41,117,19
41,118,1
41,119,3
41,120,15
41,121,11
41,122,10
41,123,7
41,124,9
41,125,19
41,126,7
41,127,12
41,128,11
41,129,19
41,130,19
41,131,17
41,132,1
41,133,9
41,134,19
41,135,13
41,136,14
41,137,10
41,138,10
41,139,3
41,140,16
41,141,3
41,142,19
41,143,7
41,144,18
41,145,10
41,146,3
41,147,11
41,148,14
41,149,16
41,150,16
41,151,4
41,152,7
41,153,10
41,154,17
41,155,14
41,156,14
41,157,6
41,158,20
41,159,16
41,160,3
41,161,5
41,162,15
41,163,16
41,164,14
41,165,9
41,166,20
41,167,12
41,168,17
41,169,1
41,170,17
41,171,19
41,172,12
41,173,9
41,174,4
41,175,7
41,176,2
41,177,19
41,178,4
41,179,19
41,180,14
41,181,11
41,182,9
41,183,16
41,184,19
41,185,8
41,186,12
41,187,5
41,188,5
41,189,19
41,190,5
41,191,15
41,192,2
41,193,1
41,194,7
41,195,18
41,196,17
41,197,7
41,198,7
41,199,5
42,43,16
42,44,7
42,45,11
42,46,17
42,47,16
42,48,12
42,49,18
42,50,14
42,51,4
42,52,15
42,53,12
42,54,7
42,55,9
42,56,20
42,57,3
42,58,13
42,59,18
42,60,3
42,61,17
42,62,4
42,63,14
42,64,19
42,65,18
42,66,11
42,67,11
42,68,18
42,69,11
42,70,4
42,71,2
42,72,18
42,73,6
42,74,16
42,75,9
42,76,3
42,77,19
42,78,6
42,79,14
42,80,12
42,81,12
42,82,12
42,83,11
42,84,14
42,85,15
42,86,16
42,87,14
42,88,11
42,89,9
42,90,2
42,91,13
42,92,5
42,93,10
42,94,11
42,95,20
42,96,20
42,97,11
42,98,16
42,99,7
42,100,14
42,101,15
42,102,16
42,103,5
42,104,10
42,105,19
42,106,18
42,107,11
42,108,19
42,109,3
42,110,20
42,111,12
42,112,11
42,113,18
42,114,19
42,115,20
42,116,14
42,117,5
42,118,17
42,119,19
42,120,5
42,121,14
42,122,1
42,123,12
42,124,18
42,125,20
42,126,19
42,127,3
42,128,15
42,129,10
42,130,16
42,131,18
42,132,3
42,133,19
42,134,2
42,135,2
42,136,11
42,137,17
42,138,15
42,139,9
42,140,10
42,141,3
42,142,4
42,143,9
42,144,16
42,145,15
42,146,10
42,147,19
42,148,18
42,149,5
42,150,2
42,151,5
42,152,3
42,153,20
42,154,13
42,155,5
42,156,15
42,157,12
42,158,5
42,159,13
42,160,15
42,161,7
42,162,5
42,163,3
42,164,8
42,165,18
42,166,3
42,167,16
42,168,14
42,169,14
42,170,12
42,171,13
42,172,20
42,173,2
42,174,2
42,175,14
42,176,8
42,177,20
42,178,7
42,179,6
42,180,20
42,181,8
42,182,3
42,183,13
42,184,11
42,185,11
42,186,1
42,187,18
42,188,7
42,189,14
42,190,4
42,191,20
42,192,5
42,193,10
42,194,13
42,195,5
42,196,3
42,197,15
42,198,20
42,199,10
43,44,5
43,45,6
43,46,9
43,47,17
43,48,10
43,49,2
43,50,2
43,51,10
43,52,9
43,53,20
43,54,6
43,55,14
43,56,10
43,57,18
43,58,15
43,59,12
43,60,17
43,61,18
43,62,12
43,63,13
43,64,18
43,65,2
43,66,11
43,67,14
43,68,8
43,69,3
43,70,8
43,71,1
43,72,17
43,73,11
43,74,14
43,75,14
43,76,19
43,77,9
43,78,16
43,79,11
43,80,15
43,81,15
43,82,17
43,83,2
43,84,19
43,85,18
43,86,12
43,87,15
43,88,19
43,89,8
43,90,16
43,91,1
43,92,18
43,93,15
43,94,5
43,95,20
43,96,10
43,97,14
43,98,14
43,99,18
43,100,15
43,101,20
43,102,4
43,103,2
43,104,20
43,105,10
43,106,4
43,107,17
43,108,3
43,109,13
43,110,13
43,111,5
43,112,3
43,113,14
43,114,10
43,115,14
43,116,8
43,117,20
43,118,1
43,119,4
43,120,19
43,121,4
43,122,12
43,123,10
43,124,8
43,125,8
43,126,13
43,127,9
43,128,4
43,129,17
43,130,8
43,131,12
43,132,4
43,133,10
43,134,2
43,135,19
43,136,19
43,137,7
43,138,17
43,139,18
43,140,18
43,141,13
43,142,14
43,143,14
43,144,9
43,145,3
43,146,12
43,147,16
43,148,13
43,149,2
43,150,2
43,151,4
43,152,5
43,153,19
43,154,13
43,155,17
43,156,4
43,157,10
43,158,14
43,159,18
43,160,18
43,161,8
43,162,13
43,163,16
43,164,17
43,165,9
43,166,16
43,167,3
43,168,12
43,169,16
43,170,2
43,171,17
43,172,16
43,173,9
43,174,12
43,175,15
43,176,5
43,177,9
43,178,9
43,179,11
43,180,5
43,181,8
43,182,12
43,183,3
43,184,9
43,185,14
43,186,5
43,187,13
43,188,16
43,189,12
43,190,14
43,191,18
43,192,15
43,193,7
43,194,12
43,195,11
43,196,7
43,197,18
43,198,20
43,199,10
44,45,10
44,46,20
44,47,5
44,48,9
44,49,1
44,50,16
44,51,14
44,52,19
44,53,3
44,54,7
44,55,8
44,56,2
44,57,11
44,58,20
44,59,20
44,60,2
44,61,12
44,62,14
44,63,1
44,64,16
44,65,17
44,66,1
44,67,4
44,68,1
44,69,15
44,70,12
44,71,15
44,72,10
44,73,19
44,74,15
44,75,14
44,76,11
44,77,18
44,78,9
44,79,3
44,80,10
44,81,2
44,82,9
44,83,10
44,84,18
44,85,7
44,86,6
44,87,16
44,88,4
44,89,2
44,90,12
44,91,3
44,92,7
44,93,12
44,94,8
44,95,2
44,96,10
44,97,4
44,98,9
44,99,8
44,100,13
44,101,5
44,102,8
44,103,16
44,104,18
44,105,1
44,106,5
44,107,3
44,108,20
44,109,11
44,110,16
44,111,19
44,112,13
44,113,18
44,114,20
44,115,9
44,116,13
44,117,14
44,118,8
44,119,18
44,120,4
44,121,17
44,122,14
44,123,14
44,124,3
44,125,18
44,126,16
44,127,7
44,128,19
44,129,11
44,130,18
44,131,7
44,132,12
44,133,16
44,134,10
44,135,2
44,136,5
44,137,5
44,138,7
44,139,14
44,140,5
44,141,5
44,142,15
44,143,18
44,144,5
44,145,20
44,146,4
44,147,11
44,148,10
44,149,10
44,150,16
44,151,8
44,152,20
44,153,9
44,154,8
44,155,16
44,156,5
44,157,12
44,158,1
44,159,16
44,160,16
44,161,19
44,162,12
44,163,4
44,164,3
44,165,2
44,166,7
44,167,1
44,168,8
44,169,3
44,170,19
44,171,9
44,172,2
44,173,11
44,174,10
44,175,16
44,176,16
44,177,15
44,178,9
44,179,1
44,180,9
44,181,6
44,182,6
44,183,18
44,184,11
44,185,16
44,186,20
44,187,14
44,188,13
44,189,9
44,190,4
44,191,2
44,192,13
44,193,20
44,194,9
44,195,18
44,196,4
44,197,6
44,198,16
44,199,3
45,46,16
45,47,18
45,48,3
45,49,5
45,50,18
45,51,14
45,52,16
45,53,8
45,54,16
45,55,12
45,56,19
45,57,10
45,58,20
45,59,13
45,60,18
45,61,3
45,62,15
45,63,14
45,64,1
45,65,16
45,66,20
45,67,17
45,68,1
45,69,11
45,70,7
45,71,3
45,72,15
45,73,9
45,74,1
45,75,9
45,76,20
45,77,8
45,78,16
45,79,1
45,80,9
45,81,16
45,82,17
45,83,20
45,84,9
45,85,1
45,86,1
45,87,2
45,88,18
45,89,19
45,90,15
45,91,14
45,92,14
45,93,2
45,94,12
45,95,19
45,96,1
45,97,20
45,98,10
45,99,13
45,100,11
45,101,15
45,102,6
45,103,2
45,104,3
45,105,12
45,106,12
45,107,17
45,108,15
45,109,12
45,110,16
45,111,10
45,112,13
45,113,3
45,114,13
45,115,14
45,116,6
45,117,13
45,118,11
45,119,5
45,120,13
45,121,3
45,122,17
45,123,17
45,124,19
45,125,17
45,126,9
45,127,15
45,128,19
45,129,6
45,130,18
45,131,6
45,132,12
45,133,9
45,134,20
45,135,8
45,136,1
45,137,9
45,138,7
45,139,1
45,140,8
45,141,4
45,142,8
45,143,5
45,144,11
45,145,11
45,146,16
45,147,10
45,148,20
45,149,13
45,150,14
45,151,6
45,152,3
45,153,11
45,154,8
45,155,9
45,156,14
45,157,15
45,158,3
45,159,8
45,160,11
45,161,1
45,162,12
45,163,6
45,164,19
45,165,2
45,166,16
45,167,6
45,168,5
45,169,3
45,170,1
45,171,10
45,172,15
45,173,8
45,174,5
45,175,17
45,176,12
45,177,15
45,178,12
45,179,18
45,180,8
45,181,19
45,182,1
45,183,16
45,184,9
45,185,8
45,186,1
45,187,17
45,188,14
45,189,2
45,190,19
45,191,9
45,192,6
45,193,11
45,194,2
45,195,19
45,196,4
45,197,7
45,198,5
45,199,16
46,47,16
46,48,17
46,49,4
46,50,20
46,51,3
46,52,14
46,53,12
46,54,10
46,55,3
46,56,13
46,57,13
46,58,18
46,59,17
46,60,3
46,61,14
46,62,10
46,63,16
46,64,17
46,65,7
46,66,1
46,67,18
46,68,11
46,69,7
46,70,7
46,71,7
46,72,12
46,73,19
46,74,16
46,75,10
46,76,20
46,77,14
46,78,8
46,79,11
46,80,20
46,81,13
46,82,12
46,83,9
46,84,9
46,85,12
46,86,6
46,87,4
46,88,1
46,89,9
46,90,16
46,91,6
46,92,3
46,93,4
46,94,7
46,95,1
46,96,2
46,97,6
46,98,8
46,99,3
46,100,6
46,101,20
46,102,9
46,103,17
46,104,11
46,105,19
46,106,1
46,107,18
46,108,19
46,109,2
46,110,3
46,111,19
46,112,18
46,113,18
46,114,4
46,115,6
46,116,10
46,117,1
46,118,14
46,119,20
46,120,18
46,121,14
46,122,7
46,123,8
46,124,19
46,125,3
46,126,3
46,127,20
46,128,17
46,129,6
46,130,20
46,131,14
46,132,6
46,133,12
46,134,4
46,135,7
46,136,15
46,137,3
46,138,9
46,139,7
46,140,11
46,141,7
46,142,9
46,143,12
46,144,1
46,145,16
46,146,13
46,147,8
46,148,18
46,149,13
46,150,4
46,151,10
46,152,9
46,153,4
46,154,8
46,155,18
46,156,16
46,157,14
46,158,16
46,159,14
46,160,20
46,161,5
46,162,19
46,163,19
46,164,15
46,165,20
46,166,13
46,167,3
46,168,12
46,169,15
46,170,17
46,171,20
46,172,17
46,173,18
46,174,8
46,175,6
46,176,13
46,177,20
46,178,14
46,179,19
46,180,9
46,181,16
46,182,13
46,183,10
46,184,12
46,185,19
46,186,1
46,187,1
46,188,18
46,189,8
46,190,9
46,191,8
46,192,2
46,193,7
46,194,19
46,195,15
46,196,10
46,197,13
46,198,13
46,199,17
47,48,1
47,49,14
47,50,15
47,51,6
47,52,8
47,53,9
47,54,18
47,55,5
47,56,17
47,57,8
47,58,5
47,59,3
47,60,5
47,61,7
47,62,1
47,63,16
47,64,3
47,65,2
47,66,7
47,67,14
47,68,7
47,69,17
47,70,16
47,71,4
47,72,3
47,73,9
47,74,5
47,75,4
47,76,20
47,77,2
47,78,16
47,79,7
47,80,16
47,81,5
47,82,16
47,83,1
47,84,7
47,85,3
47,86,5
47,87,6
47,88,5
47,89,1
47,90,12
47,91,6
47,92,3
47,93,12
47,94,12
47,95,17
47,96,12
47,97,7
47,98,18
47,99,4
47,100,5
47,101,18
47,102,2
47,103,10
47,104,18
47,105,10
47,106,3
47,107,15
47,108,8
47,109,7
47,110,2
47,111,13
47,112,6
47,113,7
47,114,16
47,115,2
47,116,17
47,117,7
47,118,13
47,119,12
47,120,6
47,121,6
47,122,12
47,123,1
47,124,1
47,125,12
47,126,10
47,127,20
47,128,16
47,129,11
47,130,1
47,131,17
47,132,18
47,133,16
47,134,8
47,135,16
47,136,3
47,137,5
47,138,12
47,139,10
47,140,8
47,141,13
47,142,3
47,143,17
47,144,4
47,145,3
47,146,4
47,147,18
47,148,8
47,149,19
47,150,4
47,151,14
47,152,4
47,153,4
47,154,6
47,155,10
47,156,20
47,157,7
47,158,15
47,159,14
47,160,3
47,161,20
47,162,2
47,163,16
47,164,18
47,165,17
47,166,2
47,167,12
47,168,2
47,169,17
47,170,17
47,171,4
47,172,19
47,173,1
47,174,18
47,175,19
47,176,20
47,177,9
47,178,18
47,179,19
47,180,15
47,181,17
47,182,16
47,183,14
47,184,3
47,185,2
47,186,10
47,187,6
47,188,19
47,189,18
47,190,4
47,191,18
47,192,16
47,193,10
47,194,1
47,195,15
47,196,11
47,197,10
47,198,18
47,199,6
48,49,15
48,50,9
48,51,2
48,52,12
48,53,20
48,54,15
48,55,12
48,56,8
48,57,14
48,58,19
48,59,13
48,60,3
48,61,6
48,62,13
48,63,8
48,64,15
48,65,6
48,66,5
48,67,4
48,68,10
48,69,6
48,70,15
48,71,16
48,72,13
48,73,20
48,74,14
48,75,17
48,76,4
48,77,7
48,78,2
48,79,18
48,80,20
48,81,20
48,82,17
48,83,16
48,84,4
48,85,10
48,86,5
48,87,20
48,88,13
48,89,2
48,90,3
48,91,13
48,92,9
48,93,7
48,94,14
48,95,12
48,96,3
48,97,16
48,98,13
48,99,5
48,100,17
48,101,2
48,102,20
48,103,12
48,104,19
48,105,15
48,106,2
48,107,2
48,108,12
48,109,8
48,110,14
48,111,17
48,112,9
48,113,7
48,114,7
48,115,13
48,116,19
48,117,17
48,118,18
48,119,1
48,120,11
48,121,3
48,122,3
48,123,15
48,124,10
48,125,1
48,126,15
48,127,20
48,128,14
48,129,1
48,130,4
48,131,4
48,132,20
48,133,20
48,134,17
48,135,13
48,136,18
48,137,15
48,138,9
48,139,3
48,140,8
48,141,4
48,142,4
48,143,7
48,144,14
48,145,16
48,146,16
48,147,2
48,148,6
48,149,17
48,150,7
48,151,10
48,152,17
48,153,6
48,154,9
48,155,19
48,156,7
48,157,19
48,158,14
48,159,5
48,160,8
48,161,18
48,162,13
48,163,6
48,164,8
48,165,15
48,166,20
48,167,3
48,168,11
48,169,14
48,170,6
48,171,11
48,172,11
48,173,18
48,174,20
48,175,15
48,176,13
48,177,3
48,178,2
48,179,16
48,180,14
48,181,17
48,182,8
48,183,19
48,184,18
48,185,5
48,186,1
48,187,8
48,188,3
48,189,10
48,190,6
48,191,9
48,192,6
48,193,6
48,194,11
48,195,2
48,196,20
48,197,3
48,198,10
48,199,13
49,50,9
49,51,13
49,52,5
49,53,4
49,54,1
49,55,9
49,56,11
49,57,12
49,58,14
49,59,16
49,60,20
49,61,7
49,62,5
49,63,20
49,64,3
49,65,13
49,66,6
49,67,9
49,68,11
49,69,16
49,70,9
49,71,5
49,72,17
49,73,13
49,74,13
49,75,10
49,76,17
49,77,7
49,78,12
49,79,19
49,80,5
49,81,2
49,82,8
49,83,4
49,84,9
49,85,6
49,86,8
49,87,4
49,88,19
49,89,10
49,90,9
49,91,16
49,92,15
49,93,5
49,94,19
49,95,4
49,96,7
49,97,19
49,98,13
49,99,8
49,100,14
49,101,7
49,102,6
49,103,4
49,104,14
49,105,13
49,106,11
49,107,18
49,108,17
49,109,7
49,110,7
49,111,18
49,112,20
49,113,6
49,114,16
49,115,9
49,116,13
49,117,10
49,118,9
49,119,5
49,120,20
49,121,2
49,122,15
49,123,9
49,124,17
49,125,11
49,126,13
49,127,9
49,128,20
49,129,17
49,130,9
49,131,1
49,132,6
49,133,6
49,134,10
49,135,13
49,136,19
49,137,14
49,138,15
49,139,13
49,140,6
49,141,17
49,142,17
49,143,16
49,144,5
49,145,1
49,146,13
49,147,4
49,148,17
49,149,5
49,150,6
49,151,11
49,152,2
49,153,7
49,154,9
49,155,18
49,156,15
49,157,18
49,158,11
49,159,3
49,160,14
49,161,14
49,162,16
49,163,20
49,164,9
49,165,19
49,166,1
49,167,18
49,168,19
49,169,18
49,170,10
49,171,4
49,172,2
49,173,2
49,174,18
49,175,7
49,176,6
49,177,2
49,178,7
49,179,13
49,180,8
49,181,3
49,182,8
49,183,7
49,184,7
49,185,13
49,186,9
49,187,18
49,188,1
49,189,7
49,190,14
49,191,5
49,192,4
49,193,4
49,194,9
49,195,7
49,196,5
49,197,8
49,198,2
49,199,15
50,51,12
50,52,10
50,53,3
50,54,18
50,55,6
50,56,20
50,57,4
50,58,10
50,59,11
50,60,4
50,61,2
50,62,4
50,63,17
50,64,12
50,65,4
50,66,1
50,67,20
50,68,12
50,69,20
50,70,6
50,71,13
50,72,13
50,73,20
50,74,7
50,75,4
50,76,1
50,77,1
50,78,5
50,79,16
50,80,11
50,81,5
50,82,12
50,83,4
50,84,10
50,85,10
50,86,14
50,87,13
50,88,13
50,89,2
50,90,6
50,91,20
50,92,1
50,93,14
50,94,4
50,95,8
50,96,7
50,97,10
50,98,7
50,99,15
50,100,8
50,101,4
50,102,6
50,103,9
50,104,18
50,105,3
50,106,10
50,107,9
50,108,3
50,109,8
50,110,14
50,111,7
50,112,10
50,113,3
50,114,12
50,115,2
50,116,11
50,117,20
50,118,13
50,119,15
50,120,11
50,121,8
50,122,5
50,123,11
50,124,4
50,125,20
50,126,5
50,127,1
50,128,8
50,129,10
50,130,14
50,131,18
50,132,14
50,133,17
50,134,17
50,135,16
50,136,5
50,137,8
50,138,20
50,139,10
50,140,18
50,141,10
50,142,2
50,143,10
50,144,18
50,145,6
50,146,8
50,147,3
50,148,18
50,149,13
50,150,11
50,151,2
50,152,10
50,153,20
50,154,8
50,155,18
50,156,2
50,157,17
50,158,10
50,159,5
50,160,19
50,161,8
50,162,5
50,163,3
50,164,5
50,165,15
50,166,17
50,167,6
50,168,6
50,169,5
50,170,17
50,171,14
50,172,17
50,173,6
50,174,13
50,175,10
50,176,14
50,177,12
50,178,7
50,179,7
50,180,10
50,181,18
50,182,1
50,183,3
50,184,20
50,185,15
50,186,2
50,187,4
50,188,5
50,189,12
50,190,3
50,191,14
50,192,11
50,193,14
50,194,8
50,195,18
50,196,3
50,197,13
50,198,3
50,199,3
51,52,19
51,53,2
51,54,16
51,55,7
51,56,6
51,57,12
51,58,20
51,59,3
51,60,10
51,61,12
51,62,7
51,63,7
51,64,11
51,65,17
51,66,4
51,67,2
51,68,19
51,69,19
51,70,20
51,71,2
51,72,12
51,73,17
51,74,14
51,75,11
51,76,15
51,77,8
51,78,18
51,79,8
51,80,6
51,81,4
51,82,19
51,83,4
51,84,11
51,85,17
51,86,6
51,87,19
51,88,7
51,89,1
51,90,3
51,91,15
51,92,18
51,93,6
51,94,5
51,95,4
51,96,7
51,97,5
51,98,3
51,99,13
51,100,12
51,101,16
51,102,14
51,103,17
51,104,16
51,105,11
51,106,11
51,107,10
51,108,17
51,109,14
51,110,9
51,111,7
51,112,17
51,113,2
51,114,20
51,115,9
51,116,12
51,117,10
51,118,13
51,119,1
51,120,5
51,121,17
51,122,5
51,123,11
51,124,9
51,125,8
51,126,19
51,127,3
51,128,20
51,129,19
51,130,12
51,131,9
51,132,13
51,133,5
51,134,1
51,135,14
51,136,15
51,137,20
51,138,9
51,139,18
51,140,13
51,141,13
51,142,12
51,143,2
51,144,11
51,145,20
51,146,5
51,147,1
51,148,19
51,149,3
51,150,2
51,151,18
51,152,17
51,153,3
51,154,8
51,155,7
51,156,3
51,157,8
51,158,14
51,159,3
51,160,6
51,161,8
51,162,6
51,163,1
51,164,10
51,165,5
51,166,8
51,167,7
51,168,17
51,169,4
51,170,17
51,171,11
51,172,11
51,173,12
51,174,12
51,175,7
51,176,5
51,177,7
51,178,19
51,179,16
51,180,3
51,181,3
51,182,2
51,183,15
51,184,13
51,185,18
51,186,13
51,187,16
51,188,7
51,189,13
51,190,7
51,191,16
51,192,15
51,193,10
51,194,2
51,195,14
51,196,18
51,197,16
51,198,20
51,199,7
52,53,5
52,54,19
52,55,14
52,56,2
52,57,13
52,58,18
52,59,14
52,60,4
52,61,10
52,62,4
52,63,15
52,64,6
52,65,20
52,66,9
52,67,14
52,68,6
52,69,14
52,70,12
52,71,6
52,72,4
52,73,11
52,74,15
52,75,18
52,76,20
52,77,5
52,78,14
52,79,9
52,80,15
52,81,12
52,82,6
52,83,18
52,84,12
52,85,17
52,86,19
52,87,12
52,88,19
52,89,6
52,90,10
52,91,8
52,92,14
52,93,15
52,94,1
52,95,9
52,96,10
52,97,14
52,98,8
52,99,7
52,100,12
52,101,3
52,102,16
52,103,9
52,104,1
52,105,18
52,106,12
52,107,3
52,108,6
52,109,17
52,110,14
52,111,2
52,112,19
52,113,9
52,114,3
52,115,7
52,116,18
52,117,20
52,118,14
52,119,17
52,120,13
52,121,2
52,122,8
52,123,18
52,124,18
52,125,2
52,126,7
52,127,3
52,128,6
52,129,5
52,130,18
52,131,20
52,132,19
52,133,5
52,134,8
52,135,12
52,136,5
52,137,15
52,138,2
52,139,18
52,140,19
52,141,20
52,142,17
52,143,4
52,144,12
52,145,19
52,146,19
52,147,6
52,148,15
52,149,1
52,150,12
52,151,12
52,152,7
52,153,14
52,154,2
52,155,1
52,156,17
52,157,6
52,158,13
52,159,3
52,160,15
52,161,14
52,162,13
52,163,2
52,164,3
52,165,12
52,166,5
52,167,15
52,168,10
52,169,1
52,170,12
52,171,3
52,172,16
52,173,5
52,174,18
52,175,1
52,176,15
52,177,11
52,178,16
52,179,16
52,180,14
52,181,9
52,182,9
52,183,13
52,184,19
52,185,2
52,186,8
52,187,18
52,188,9
52,189,6
52,190,4
52,191,20
52,192,8
52,193,1
52,194,17
52,195,18
52,196,7
52,197,20
52,198,19
52,199,9
53,54,18
53,55,3
53,56,9
53,57,15
53,58,2
53,59,14
53,60,16
53,61,9
53,62,7
53,63,15
53,64,20
53,65,20
53,66,13
53,67,5
53,68,11
53,69,1
53,70,3
53,71,18
53,72,7
53,73,10
53,74,2
53,75,10
53,76,9
53,77,4
53,78,10
53,79,6
53,80,2
53,81,15
53,82,3
53,83,15
53,84,6
53,85,13
53,86,16
53,87,17
53,88,12
53,89,11
53,90,9
53,91,16
53,92,17
53,93,1
53,94,9
53,95,11
53,96,1
53,97,9
53,98,5
53,99,12
53,100,12
53,101,4
53,102,11
53,103,12
53,104,8
53,105,17
53,106,1
53,107,4
53,108,7
53,109,2
53,110,13
53,111,17
53,112,12
53,113,14
53,114,20
53,115,13
53,116,8
53,117,12
53,118,7
53,119,7
53,120,2
53,121,8
53,122,12
53,123,19
53,124,6
53,125,8
53,126,7
53,127,3
53,128,20
53,129,2
53,130,11
53,131,17
53,132,7
53,133,11
53,134,18
53,135,18
53,136,8
53,137,10
53,138,8
53,139,15
53,140,9
53,141,17
53,142,4
53,143,16
53,144,13
53,145,8
53,146,19
53,147,12
53,148,17
53,149,19
53,150,7
53,151,17
53,152,3
53,153,5
53,154,4
53,155,19
53,156,16
53,157,6
53,158,5
53,159,14
53,160,14
53,161,14
53,162,13
53,163,11
53,164,15
53,165,16
53,166,10
53,167,20
53,168,1
53,169,19
53,170,4
53,171,17
53,172,7
53,173,16
53,174,19
53,175,1
53,176,16
53,177,9
53,178,13
53,179,4
53,180,4
53,181,16
53,182,12
53,183,13
53,184,13
53,185,7
53,186,9
53,187,13
53,188,14
53,189,9
53,190,6
53,191,10
53,192,16
53,193,13
53,194,10
53,195,18
53,196,10
53,197,13
53,198,11
53,199,11
54,55,14
54,56,4
54,57,8
54,58,9
54,59,1
54,60,2
54,61,2
54,62,12
54,63,1
54,64,8
54,65,9
54,66,4
54,67,8
54,68,3
54,69,20
54,70,5
54,71,20
54,72,17
54,73,13
54,74,4
54,75,13
54,76,16
54,77,10
54,78,15
54,79,5
54,80,17
54,81,9
54,82,5
54,83,13
54,84,1
54,85,14
54,86,7
54,87,19
54,88,19
54,89,12
54,90,5
54,91,8
54,92,20
54,93,14
54,94,19
54,95,10
54,96,12
54,97,12
54,98,16
54,99,11
54,100,7
54,101,1
54,102,1
54,103,3
54,104,7
54,105,11
54,106,6
54,107,4
54,108,15
54,109,9
54,110,16
54,111,2
54,112,1
54,113,7
54,114,10
54,115,7
54,116,13
54,117,7
54,118,5
54,119,10
54,120,17
54,121,11
54,122,1
54,123,6
54,124,7
54,125,2
54,126,11
54,127,16
54,128,17
54,129,2
54,130,19
54,131,16
54,132,10
54,133,20
54,134,16
54,135,10
54,136,6
54,137,7
54,138,9
54,139,5
54,140,16
54,141,1
54,142,12
54,143,16
54,144,14
54,145,13
54,146,4
54,147,12
54,148,19
54,149,8
54,150,6
54,151,7
54,152,6
54,153,4
54,154,6
54,155,18
54,156,20
54,157,17
54,158,12
54,159,10
54,160,11
54,161,15
54,162,5
54,163,20
54,164,15
54,165,15
54,166,8
54,167,5
54,168,12
54,169,6
54,170,4
54,171,5
54,172,2
54,173,3
54,174,18
54,175,18
54,176,13
54,177,9
54,178,1
54,179,11
54,180,14
54,181,18
54,182,4
54,183,18
54,184,4
54,185,12
54,186,18
54,187,4
54,188,13
54,189,1
54,190,10
54,191,17
54,192,9
54,193,14
54,194,20
54,195,14
54,196,19
54,197,11
54,198,14
54,199,3
55,56,9
55,57,14
55,58,13
55,59,9
55,60,1
55,61,1
55,62,11
55,63,20
55,64,1
55,65,11
55,66,6
55,67,11
55,68,16
55,69,6
55,70,5
55,71,11
55,72,17
55,73,3
55,74,14
55,75,10
55,76,3
55,77,7
55,78,6
55,79,12
55,80,18
55,81,1
55,82,8
55,83,7
55,84,1
55,85,1
55,86,20
55,87,8
55,88,11
55,89,13
55,90,2
55,91,5
55,92,17
55,93,20
55,94,2
55,95,18
55,96,7
55,97,2
55,98,12
55,99,11
55,100,4
55,101,20
55,102,18
55,103,13
55,104,20
55,105,4
55,106,16
55,107,8
55,108,15
55,109,9
55,110,4
55,111,14
55,112,11
55,113,16
55,114,11
55,115,9
55,116,14
55,117,7
55,118,2
55,119,12
55,120,8
55,121,8
55,122,1
55,123,9
55,124,8
55,125,8
55,126,20
55,127,16
55,128,19
55,129,17
55,130,6
55,131,17
55,132,7
55,133,10
55,134,10
55,135,13
55,136,1
55,137,3
55,138,20
55,139,14
55,140,10
55,141,6
55,142,16
55,143,14
55,144,7
55,145,18
55,146,6
55,147,5
55,148,9
55,149,5
55,150,15
55,151,19
55,152,9
55,153,2
55,154,8
55,155,3
55,156,12
55,157,12
55,158,17
55,159,16
55,160,18
55,161,8
55,162,15
55,163,7
55,164,10
55,165,1
55,166,3
55,167,20
55,168,10
55,169,12
55,170,6
55,171,12
55,172,19
55,173,1
55,174,4
55,175,4
55,176,9
55,177,14
55,178,5
55,179,3
55,180,7
55,181,16
55,182,16
55,183,11
55,184,1
55,185,12
55,186,10
55,187,11
55,188,6
55,189,12
55,190,1
55,191,14
55,192,13
55,193,3
55,194,13
55,195,4
55,196,10
55,197,8
55,198,3
55,199,13
56,57,16
56,58,8
56,59,6
56,60,9
56,61,9
56,62,13
56,63,16
56,64,7
56,65,17
56,66,1
56,67,1
56,68,11
56,69,7
56,70,15
56,71,17
56,72,20
56,73,10
56,74,15
56,75,8
56,76,14
56,77,9
56,78,15
56,79,16
56,80,14
56,81,7
56,82,11
56,83,7
56,84,15
56,85,6
56,86,6
56,87,14
56,88,12
56,89,7
56,90,10
56,91,18
56,92,9
56,93,5
56,94,1
56,95,10
56,96,18
56,97,12
56,98,3
56,99,12
56,100,14
56,101,10
56,102,13
56,103,11
56,104,13
56,105,19
56,106,19
56,107,6
56,108,6
56,109,6
56,110,8
56,111,6
56,112,7
56,113,18
56,114,17
56,115,6
56,116,9
56,117,4
56,118,10
56,119,4
56,120,7
56,121,7
56,122,2
56,123,8
56,124,7
56,125,7
56,126,6
56,127,5
56,128,1
56,129,16
56,130,20
56,131,16
56,132,10
56,133,2
56,134,2
56,135,20
56,136,4
56,137,10
56,138,11
56,139,4
56,140,19
56,141,5
56,142,17
56,143,16
56,144,14
56,145,8
56,146,18
56,147,3
56,148,7
56,149,1
56,150,2
56,151,8
56,152,15
56,153,17
56,154,14
56,155,12
56,156,5
56,157,1
56,158,8
56,159,2
56,160,19
56,161,16
56,162,15
56,163,7
56,164,18
56,165,7
56,166,4
56,167,10
56,168,10
56,169,20
56,170,4
56,171,11
56,172,11
56,173,9
56,174,10
56,175,4
56,176,6
56,177,3
56,178,16
56,179,15
56,180,19
56,181,2
56,182,10
56,183,4
56,184,13
56,185,20
56,186,5
56,187,15
56,188,5
56,189,2
56,190,5
56,191,17
56,192,3
56,193,8
56,194,13
56,195,3
56,196,11
56,197,19
56,198,5
56,199,2
57,58,15
57,59,14
57,60,17
57,61,2
57,62,18
57,63,3
57,64,8
57,65,5
57,66,17
57,67,7
57,68,17
57,69,19
57,70,10
57,71,16
57,72,18
57,73,9
57,74,12
57,75,4
57,76,6
57,77,11
57,78,14
57,79,7
57,80,20
57,81,2
57,82,8
57,83,12
57,84,10
57,85,13
57,86,8
57,87,16
57,88,6
57,89,3
57,90,15
57,91,17
57,92,13
57,93,16
57,94,5
57,95,8
57,96,5
57,97,12
57,98,3
57,99,16
57,100,1
57,101,7
57,102,15
57,103,14
57,104,11
57,105,7
57,106,10
57,107,12
57,108,14
57,109,16
57,110,5
57,111,3
57,112,12
57,113,18
57,114,11
57,115,10
57,116,13
57,117,20
57,118,12
57,119,17
57,120,12
57,121,9
57,122,8
57,123,4
57,124,7
57,125,18
57,126,9
57,127,16
57,128,15
57,129,15
57,130,1
57,131,5
57,132,4
57,133,15
57,134,9
57,135,9
57,136,18
57,137,1
57,138,15
57,139,14
57,140,11
57,141,13
57,142,17
57,143,11
57,144,17
57,145,10
57,146,5
57,147,14
57,148,2
57,149,19
57,150,6
57,151,7
57,152,6
57,153,17
57,154,17
57,155,17
57,156,2
57,157,7
57,158,2
57,159,20
57,160,18
57,161,12
57,162,2
57,163,4
57,164,18
57,165,15
57,166,17
57,167,12
57,168,3
57,169,15
57,170,6
57,171,5
57,172,19
57,173,1
57,174,3
57,175,13
57,176,18
57,177,12
57,178,6
57,179,20
57,180,9
57,181,4
57,182,11
57,183,6
57,184,3
57,185,6
57,186,20
57,187,19
57,188,13
57,189,2
57,190,19
57,191,17
57,192,16
57,193,6
57,194,15
57,195,18
57,196,16
57,197,10
57,198,18
57,199,18
58,59,18
58,60,16
58,61,16
58,62,14
58,63,4
58,64,13
58,65,20
58,66,9
58,67,11
58,68,10
58,69,9
58,70,11
58,71,8
58,72,1
58,73,1
58,74,11
58,75,3
58,76,19
58,77,11
58,78,15
58,79,14
58,80,6
58,81,1
58,82,10
58,83,5
58,84,18
58,85,18
58,86,3
58,87,5
58,88,13
58,89,17
58,90,5
58,91,5
58,92,14
58,93,13
58,94,4
58,95,10
58,96,16
58,97,4
58,98,6
58,99,17
58,100,11
58,101,9
58,102,4
58,103,13
58,104,10
58,105,3
58,106,14
58,107,5
58,108,18
58,109,6
58,110,1
58,111,5
58,112,5
58,113,13
58,114,6
58,115,10
58,116,17
58,117,17
58,118,1
58,119,2
58,120,12
58,121,2
58,122,15
58,123,9
58,124,11
58,125,12
58,126,7
58,127,7
58,128,5
58,129,2
58,130,3
58,131,13
58,132,10
58,133,1
58,134,9
58,135,12
58,136,5
58,137,14
58,138,19
58,139,9
58,140,13
58,141,5
58,142,16
58,143,16
58,144,9
58,145,6
58,146,14
58,147,11
58,148,14
58,149,5
58,150,11
58,151,19
58,152,9
58,153,2
58,154,16
58,155,15
58,156,9
58,157,17
58,158,11
58,159,3
58,160,13
58,161,19
58,162,12
58,163,12
58,164,14
58,165,2
58,166,15
58,167,18
58,168,8
58,169,5
58,170,6
58,171,20
58,172,13
58,173,18
58,174,1
58,175,9
58,176,15
58,177,18
58,178,3
58,179,20
58,180,8
58,181,15
58,182,2
58,183,3
58,184,8
58,185,17
58,186,20
58,187,17
58,188,19
58,189,4
58,190,2
58,191,4
58,192,19
58,193,11
58,194,10
58,195,8
58,196,12
58,197,1
58,198,5
58,199,10
59,60,9
59,61,4
59,62,8
59,63,7
59,64,14
59,65,10
59,66,3
59,67,5
59,68,5
59,69,14
59,70,14
59,71,17
59,72,9
59,73,6
59,74,11
59,75,18
59,76,2
59,77,6
59,78,7
59,79,7
59,80,4
59,81,3
59,82,10
59,83,16
59,84,4
59,85,1
59,86,7
59,87,14
59,88,17
59,89,6
59,90,12
59,91,9
59,92,15
59,93,1
59,94,12
59,95,14
59,96,2
59,97,9
59,98,5
59,99,13
59,100,8
59,101,19
59,102,13
59,103,3
59,104,16
59,105,5
59,106,15
59,107,3
59,108,8
59,109,12
59,110,13
59,111,1
59,112,2
59,113,6
59,114,8
59,115,17
59,116,13
59,117,15
59,118,4
59,119,17
59,120,20
59,121,19
59,122,10
59,123,7
59,124,17
59,125,15
59,126,7
59,127,2
59,128,19
59,129,13
59,130,18
59,131,18
59,132,11
59,133,20
59,134,6
59,135,6
59,136,10
59,137,17
59,138,17
59,139,1
59,140,18
59,141,4
59,142,9
59,143,6
59,144,9
59,145,18
59,146,3
59,147,14
59,148,8
59,149,7
59,150,10
59,151,18
59,152,16
59,153,14
59,154,8
59,155,15
59,156,18
59,157,14
59,158,19
59,159,13
59,160,8
59,161,20
59,162,7
59,163,13
59,164,5
59,165,19
59,166,7
59,167,1
59,168,11
59,169,13
59,170,8
59,171,15
59,172,6
59,173,13
59,174,15
59,175,2
59,176,2
59,177,3
59,178,7
59,179,11
59,180,5
59,181,5
59,182,3
59,183,18
59,184,8
59,185,2
59,186,7
59,187,14
59,188,7
59,189,19
59,190,14
59,191,10
59,192,7
59,193,15
59,194,4
59,195,11
59,196,11
59,197,20
59,198,20
59,199,20
60,61,8
60,62,15
60,63,19
60,64,14
60,65,7
60,66,6
60,67,7
60,68,12
60,69,20
60,70,8
60,71,13
60,72,6
60,73,11
60,74,17
60,75,7
60,76,11
60,77,6
60,78,1
60,79,8
60,80,3
60,81,13
60,82,10
60,83,3
60,84,12
60,85,14
60,86,16
60,87,2
60,88,12
60,89,3
60,90,14
60,91,4
60,92,18
60,93,20
60,94,17
60,95,17
60,96,9
60,97,10
60,98,16
60,99,17
60,100,12
60,101,1
60,102,19
60,103,8
60,104,4
60,105,13
60,106,11
60,107,2
60,108,16
60,109,10
60,110,8
60,111,5
60,112,6
60,113,18
60,114,19
60,115,2
60,116,5
60,117,12
60,118,2
60,119,11
60,120,7
60,121,3
60,122,6
60,123,14
60,124,8
60,125,5
60,126,18
60,127,9
60,128,19
60,129,16
60,130,18
60,131,19
60,132,19
60,133,5
60,134,13
60,135,6
60,136,15
60,137,4
60,138,6
60,139,1
60,140,10
60,141,5
60,142,14
60,143,10
60,144,6
60,145,5
60,146,4
60,147,3
60,148,19
60,149,17
60,150,15
60,151,8
60,152,8
60,153,15
60,154,11
60,155,9
60,156,17
60,157,11
60,158,10
60,159,7
60,160,13
60,161,16
60,162,17
60,163,8
60,164,15
60,165,11
60,166,4
60,167,12
60,168,20
60,169,17
60,170,13
60,171,3
60,172,16
60,173,3
60,174,19
60,175,13
60,176,14
60,177,18
60,178,6
60,179,7
60,180,5
60,181,11
60,182,4
60,183,11
60,184,1
60,185,20
60,186,17
60,187,14
60,188,6
60,189,3
60,190,2
60,191,2
60,192,11
60,193,14
60,194,20
60,195,13
60,196,2
60,197,14
60,198,9
60,199,4
61,62,3
61,63,10
61,64,9
61,65,20
61,66,17
61,67,10
61,68,3
61,69,1
61,70,7
61,71,10
61,72,18
61,73,6
61,74,9
61,75,16
61,76,15
61,77,13
61,78,14
61,79,15
61,80,6
61,81,9
61,82,3
61,83,19
61,84,5
61,85,10
61,86,20
61,87,14
61,88,20
61,89,5
61,90,10
61,91,11
61,92,11
61,93,17
61,94,10
61,95,12
61,96,11
61,97,19
61,98,12
61,99,3
61,100,17
61,101,7
61,102,8
61,103,20
61,104,2
61,105,14
61,106,5
61,107,9
61,108,6
61,109,20
61,110,20
61,111,14
61,112,11
61,113,5
61,114,17
61,115,3
61,116,4
61,117,15
61,118,15
61,119,8
61,120,10
61,121,11
61,122,18
61,123,19
61,124,15
61,125,3
61,126,7
61,127,13
61,128,20
61,129,8
61,130,11
61,131,2
61,132,1
61,133,8
61,134,6
61,135,16
61,136,9
61,137,8
61,138,6
61,139,16
61,140,11
61,141,14
61,142,11
61,143,11
61,144,12
61,145,20
61,146,5
61,147,9
61,148,7
61,149,20
61,150,2
61,151,10
61,152,4
61,153,4
61,154,6
61,155,9
61,156,10
61,157,3
61,158,13
61,159,11
61,160,16
61,161,2
61,162,16
61,163,18
61,164,6
61,165,11
61,166,13
61,167,13
61,168,7
61,169,17
61,170,4
61,171,20
61,172,19
61,173,10
61,174,19
61,175,14
61,176,3
61,177,14
61,178,6
61,179,3
61,180,6
61,181,5
61,182,16
61,183,15
61,184,13
61,185,2
61,186,2
61,187,17
61,188,16
61,189,14
61,190,10
61,191,5
61,192,3
61,193,5
61,194,6
61,195,16
61,196,18
61,197,5
61,198,6
61,199,18
62,63,4
62,64,2
62,65,20
62,66,19
62,67,8
62,68,8
62,69,1
62,70,11
62,71,18
62,72,9
62,73,17
62,74,17
62,75,10
62,76,18
62,77,2
62,78,2
62,79,7
62,80,5
62,81,8
62,82,17
62,83,6
62,84,15
62,85,9
62,86,10
62,87,14
62,88,15
62,89,18
62,90,18
62,91,17
62,92,9
62,93,19
62,94,20
62,95,8
62,96,16
62,97,9
62,98,12
62,99,8
62,100,11
62,101,15
62,102,2
62,103,13
62,104,11
62,105,18
62,106,18
62,107,8
62,108,6
62,109,3
62,110,7
62,111,16
62,112,4
62,113,10
62,114,7
62,115,1
62,116,10
62,117,17
62,118,14
62,119,14
62,120,19
62,121,10
62,122,5
62,123,20
62,124,6
62,125,17
62,126,10
62,127,8
62,128,2
62,129,11
62,130,14
62,131,15
62,132,1
62,133,13
62,134,15
62,135,8
62,136,20
62,137,7
62,138,11
62,139,6
62,140,4
62,141,5
62,142,14
62,143,18
62,144,16
62,145,20
62,146,18
62,147,12
62,148,7
62,149,10
62,150,18
62,151,11
62,152,18
62,153,5
62,154,10
62,155,3
62,156,10
62,157,10
62,158,17
62,159,14
62,160,14
62,161,7
62,162,9
62,163,9
62,164,12
62,165,6
62,166,15
62,167,9
62,168,13
62,169,4
62,170,2
62,171,11
62,172,1
62,173,10
62,174,19
62,175,10
62,176,15
62,177,3
62,178,8
62,179,15
62,180,13
62,181,10
62,182,10
62,183,17
62,184,13
62,185,12
62,186,20
62,187,11
62,188,15
62,189,17
62,190,11
62,191,9
62,192,14
62,193,9
62,194,11
62,195,10
62,196,10
62,197,9
62,198,4
62,199,1
63,64,5
63,65,12
63,66,6
63,67,6
63,68,16
63,69,20
63,70,18
63,71,17
63,72,2
63,73,19
63,74,2
63,75,16
63,76,10
63,77,16
63,78,9
63,79,18
63,80,19
63,81,17
63,82,15
63,83,14
63,84,17
63,85,10
63,86,4
63,87,12
63,88,9
63,89,14
63,90,15
63,91,17
63,92,18
63,93,8
63,94,5
63,95,12
63,96,20
63,97,16
63,98,15
63,99,16
63,100,20
63,101,17
63,102,20
63,103,8
63,104,16
63,105,7
63,106,7
63,107,7
63,108,20
63,109,15
63,110,10
63,111,4
63,112,13
63,113,8
63,114,20
63,115,13
63,116,7
63,117,9
63,118,14
63,119,12
63,120,17
63,121,14
63,122,10
63,123,19
63,124,10
63,125,17
63,126,6
63,127,15
63,128,20
63,129,20
63,130,12
63,131,12
63,132,4
63,133,6
63,134,3
63,135,16
63,136,10
63,137,3
63,138,18
63,139,12
63,140,7
63,141,5
63,142,1
63,143,16
63,144,20
63,145,10
63,146,16
63,147,7
63,148,19
63,149,12
63,150,16
63,151,13
63,152,14
63,153,1
63,154,16
63,155,16
63,156,10
63,157,20
63,158,18
63,159,7
63,160,8
63,161,12
63,162,6
63,163,8
63,164,2
63,165,13
63,166,17
63,167,11
63,168,18
63,169,2
63,170,14
63,171,1
63,172,7
63,173,1
63,174,7
63,175,16
63,176,1
63,177,2
63,178,12
63,179,19
63,180,2
63,181,2
63,182,4
63,183,7
63,184,19
63,185,11
63,186,15
63,187,19
63,188,17
63,189,17
63,190,1
63,191,8
63,192,17
63,193,12
63,194,4
63,195,10
63,196,12
63,197,11
63,198,10
63,199,4
64,65,6
64,66,12
64,67,13
64,68,10
64,69,17
64,70,8
64,71,20
64,72,17
64,73,19
64,74,12
64,75,16
64,76,10
64,77,3
64,78,2
64,79,19
64,80,13
64,81,9
64,82,6
64,83,10
64,84,6
64,85,16
64,86,15
64,87,2
64,88,8
64,89,14
64,90,20
64,91,19
64,92,13
64,93,14
64,94,15
64,95,1
64,96,19
64,97,20
64,98,2
64,99,7
64,100,8
64,101,11
64,102,12
64,103,11
64,104,3
64,105,17
64,106,12
64,107,2
64,108,5
64,109,17
64,110,13
64,111,10
64,112,5
64,113,11
64,114,15
64,115,18
64,116,4
64,117,11
64,118,19
64,119,8
64,120,9
64,121,5
64,122,18
64,123,6
64,124,18
64,125,4
64,126,19
64,127,6
64,128,15
64,129,18
64,130,9
64,131,14
64,132,11
64,133,4
64,134,6
64,135,13
64,136,5
64,137,7
64,138,16
64,139,5
64,140,10
64,141,20
64,142,1
64,143,9
64,144,5
64,145,7
64,146,7
64,147,14
64,148,15
64,149,12
64,150,9
64,151,15
64,152,9
64,153,8
64,154,3
64,155,15
64,156,8
64,157,8
64,158,9
64,159,17
64,160,15
64,161,18
64,162,16
64,163,17
64,164,6
64,165,20
64,166,5
64,167,15
64,168,1
64,169,8
64,170,13
64,171,12
64,172,5
64,173,5
64,174,10
64,175,12
64,176,12
64,177,9
64,178,3
64,179,4
64,180,9
64,181,6
64,182,16
64,183,11
64,184,13
64,185,16
64,186,6
64,187,16
64,188,5
64,189,20
64,190,18
64,191,11
64,192,8
64,193,4
64,194,19
64,195,14
64,196,18
64,197,16
64,198,12
64,199,20
65,66,2
65,67,14
65,68,5
65,69,12
65,70,12
65,71,10
65,72,20
65,73,8
65,74,13
65,75,19
65,76,17
65,77,8
65,78,18
65,79,8
65,80,8
65,81,3
65,82,16
65,83,7
65,84,16
65,85,11
65,86,19
65,87,15
65,88,14
65,89,14
65,90,3
65,91,1
65,92,8
65,93,9
65,94,7
65,95,18
65,96,7
65,97,4
65,98,18
65,99,5
65,100,10
65,101,5
65,102,17
65,103,1
65,104,3
65,105,10
65,106,10
65,107,6
65,108,8
65,109,9
65,110,17
65,111,11
65,112,7
65,113,15
65,114,17
65,115,8
65,116,18
65,117,1
65,118,14
65,119,8
65,120,12
65,121,4
65,122,15
65,123,3
65,124,7
65,125,4
65,126,12
65,127,5
65,128,10
65,129,1
65,130,11
65,131,4
65,132,18
65,133,1
65,134,4
65,135,2
65,136,9
65,137,15
65,138,17
65,139,18
65,140,12
65,141,6
65,142,2
65,143,18
65,144,1
65,145,1
65,146,7
65,147,19
65,148,6
65,149,4
65,150,8
65,151,16
65,152,12
65,153,8
65,154,13
65,155,15
65,156,18
65,157,2
65,158,16
65,159,11
65,160,3
65,161,17
65,162,3
65,163,16
65,164,13
65,165,2
65,166,3
65,167,13
65,168,15
65,169,3
65,170,2
65,171,12
65,172,12
65,173,10
65,174,12
65,175,9
65,176,19
65,177,14
65,178,7
65,179,14
65,180,20
65,181,6
65,182,14
65,183,14
65,184,20
65,185,7
65,186,19
65,187,18
65,188,17
65,189,17
65,190,10
65,191,4
65,192,6
65,193,12
65,194,7
65,195,2
65,196,6
65,197,16
65,198,12
65,199,6
66,67,13
66,68,6
66,69,13
66,70,18
66,71,9
66,72,4
66,73,10
66,74,2
66,75,17
66,76,8
66,77,17
66,78,19
66,79,19
66,80,6
66,81,5
66,82,14
66,83,7
66,84,12
66,85,4
66,86,12
66,87,1
66,88,2
66,89,2
66,90,7
66,91,20
66,92,5
66,93,20
66,94,3
66,95,1
66,96,18
66,97,10
66,98,12
66,99,4
66,100,12
66,101,5
66,102,20
66,103,12
66,104,17
66,105,1
66,106,4
66,107,6
66,108,16
66,109,4
66,110,7
66,111,17
66,112,7
66,113,2
66,114,20
66,115,14
66,116,20
66,117,1
66,118,19
66,119,1
66,120,17
66,121,10
66,122,9
66,123,17
66,124,13
66,125,8
66,126,1
66,127,14
66,128,3
66,129,3
66,130,7
66,131,20
66,132,14
66,133,4
66,134,5
66,135,10
66,136,15
66,137,15
66,138,8
66,139,17
66,140,1
66,141,3
66,142,2
66,143,19
66,144,15
66,145,10
66,146,7
66,147,7
66,148,20
66,149,1
66,150,17
66,151,15
66,152,7
66,153,12
66,154,13
66,155,20
66,156,5
66,157,19
66,158,10
66,159,10
66,160,20
66,161,1
66,162,18
66,163,13
66,164,20
66,165,12
66,166,16
66,167,17
66,168,12
66,169,1
66,170,11
66,171,8
66,172,1
66,173,9
66,174,17
66,175,13
66,176,1
66,177,4
66,178,19
66,179,7
66,180,8
66,181,7
66,182,19
66,183,13
66,184,19
66,185,6
66,186,6
66,187,8
66,188,14
66,189,8
66,190,15
66,191,20
66,192,4
66,193,14
66,194,13
66,195,4
66,196,20
66,197,5
66,198,7
66,199,6
67,68,17
67,69,10
67,70,4
67,71,13
67,72,14
67,73,18
67,74,4
67,75,14
67,76,5
67,77,5
67,78,6
67,79,17
67,80,9
67,81,8
67,82,5
67,83,20
67,84,11
67,85,10
67,86,17
67,87,14
67,88,20
67,89,2
67,90,17
67,91,2
67,92,5
67,93,4
67,94,16
67,95,20
67,96,11
67,97,20
67,98,13
67,99,18
67,100,17
67,101,15
67,102,12
67,103,12
67,104,10
67,105,18
67,106,12
67,107,10
67,108,14
67,109,2
67,110,11
67,111,18
67,112,6
67,113,7
67,114,3
67,115,5
67,116,16
67,117,4
67,118,14
67,119,7
67,120,20
67,121,1
67,122,18
67,123,17
67,124,2
67,125,13
67,126,16
67,127,12
67,128,12
67,129,8
67,130,18
67,131,14
67,132,7
67,133,3
67,134,13
67,135,16
67,136,13
67,137,6
67,138,2
67,139,14
67,140,17
67,141,12
67,142,1
67,143,1
67,144,17
67,145,14
67,146,18
67,147,12
67,148,7
67,149,17
67,150,2
67,151,15
67,152,4
67,153,9
67,154,10
67,155,19
67,156,15
67,157,20
67,158,4
67,159,2
67,160,19
67,161,7
67,162,7
67,163,9
67,164,15
67,165,4
67,166,10
67,167,8
67,168,3
67,169,6
67,170,13
67,171,19
67,172,12
67,173,9
67,174,3
67,175,2
67,176,9
67,177,11
67,178,8
67,179,15
67,180,1
67,181,2
67,182,6
67,183,14
67,184,18
67,185,9
67,186,15
67,187,7
67,188,15
67,189,3
67,190,10
67,191,8
67,192,3
67,193,8
67,194,7
67,195,7
67,196,7
67,197,11
67,198,18
67,199,20
68,69,2
68,70,4
68,71,19
68,72,1
68,73,10
68,74,9
68,75,3
68,76,1
68,77,8
68,78,2
68,79,13
68,80,5
68,81,5
68,82,14
68,83,1
68,84,20
68,85,5
68,86,15
68,87,20
68,88,20
68,89,16
68,90,19
68,91,3
68,92,1
68,93,4
68,94,2
68,95,3
68,96,5
68,97,16
68,98,1
68,99,19
68,100,11
68,101,6
68,102,11
68,103,9
68,104,19
68,105,10
68,106,16
68,107,15
68,108,17
68,109,15
68,110,11
68,111,14
68,112,9
68,113,3
68,114,20
68,115,10
68,116,9
68,117,12
68,118,9
68,119,5
68,120,19
68,121,19
68,122,8
68,123,17
68,124,18
68,125,17
68,126,16
68,127,13
68,128,8
68,129,13
68,130,10
68,131,9
68,132,8
68,133,10
68,134,20
68,135,6
68,136,6
68,137,8
68,138,16
68,139,14
68,140,14
68,141,5
68,142,19
68,143,14
68,144,14
68,145,2
68,146,20
68,147,18
68,148,13
68,149,15
68,150,16
68,151,11
68,152,15
68,153,12
68,154,6
68,155,2
68,156,11
68,157,4
68,158,20
68,159,4
68,160,4
68,161,20
68,162,10
68,163,18
68,164,13
68,165,3
68,166,17
68,167,1
68,168,16
68,169,9
68,170,11
68,171,19
68,172,13
68,173,7
68,174,4
68,175,4
68,176,12
68,177,12
68,178,16
68,179,3
68,180,2
68,181,10
68,182,20
68,183,18
68,184,9
68,185,14
68,186,10
68,187,15
68,188,8
68,189,7
68,190,10
68,191,6
68,192,11
68,193,16
68,194,3
68,195,6
68,196,9
68,197,1
68,198,19
68,199,11
69,70,13
69,71,19
69,72,13
69,73,4
69,74,9
69,75,4
69,76,4
69,77,9
69,78,15
69,79,20
69,80,1
69,81,12
69,82,8
69,83,6
69,84,13
69,85,20
69,86,20
69,87,19
69,88,16
69,89,18
69,90,5
69,91,16
69,92,1
69,93,9
69,94,17
69,95,15
69,96,7
69,97,19
69,98,1
69,99,6
69,100,8
69,101,1
69,102,16
69,103,9
69,104,1
69,105,10
69,106,12
69,107,6
69,108,18
69,109,15
69,110,3
69,111,4
69,112,14
69,113,2
69,114,8
69,115,5
69,116,8
69,117,6
69,118,12
69,119,1
69,120,16
69,121,14
69,122,16
69,123,3
69,124,18
69,125,20
69,126,1
69,127,3
69,128,1
69,129,20
69,130,15
69,131,13
69,132,15
69,133,8
69,134,3
69,135,20
69,136,14
69,137,7
69,138,8
69,139,11
69,140,11
69,141,9
69,142,6
69,143,19
69,144,13
69,145,11
69,146,16
69,147,7
69,148,14
69,149,18
69,150,20
69,151,9
69,152,3
69,153,17
69,154,9
69,155,4
69,156,15
69,157,18
69,158,7
69,159,12
69,160,11
69,161,19
69,162,2
69,163,16
69,164,2
69,165,14
69,166,5
69,167,4
69,168,18
69,169,14
69,170,8
69,171,16
69,172,19
69,173,14
69,174,5
69,175,7
69,176,17
69,177,18
69,178,17
69,179,12
69,180,12
69,181,20
69,182,1
69,183,6
69,184,5
69,185,17
69,186,4
69,187,15
69,188,4
69,189,13
69,190,12
69,191,3
69,192,12
69,193,15
69,194,3
69,195,7
69,196,8
69,197,16
69,198,10
69,199,6
70,71,1
70,72,8
70,73,20
70,74,8
70,75,7
70,76,2
70,77,17
70,78,15
70,79,12
70,80,4
70,81,10
70,82,9
70,83,1
70,84,10
70,85,12
70,86,3
70,87,19
70,88,13
70,89,10
70,90,9
70,91,13
70,92,7
70,93,7
70,94,16
70,95,2
70,96,7
70,97,18
70,98,20
70,99,12
70,100,9
70,101,17
70,102,17
70,103,16
70,104,16
70,105,17
70,106,4
70,107,13
70,108,8
70,109,18
70,110,13
70,111,11
70,112,20
70,113,16
70,114,20
70,115,4
70,116,10
70,117,7
70,118,12
70,119,13
70,120,13
70,121,10
70,122,2
70,123,19
70,124,7
70,125,10
70,126,3
70,127,13
70,128,10
70,129,6
70,130,12
70,131,5
70,132,14
70,133,11
70,134,17
70,135,19
70,136,2
70,137,11
70,138,6
70,139,11
70,140,7
70,141,18
70,142,18
70,143,4
70,144,14
70,145,14
70,146,17
70,147,15
70,148,14
70,149,4
70,150,17
70,151,11
70,152,15
70,153,2
70,154,14
70,155,6
70,156,16
70,157,6
70,158,1
70,159,13
70,160,8
70,161,20
70,162,13
70,163,3
70,164,16
70,165,18
70,166,11
70,167,8
70,168,16
70,169,18
70,170,6
70,171,14
70,172,15
70,173,10
70,174,3
70,175,13
70,176,18
70,177,20
70,178,15
70,179,1
70,180,17
70,181,17
70,182,4
70,183,19
70,184,15
70,185,11
70,186,18
70,187,20
70,188,8
70,189,12
70,190,6
70,191,14
70,192,12
70,193,4
70,194,18
70,195,4
70,196,15
70,197,4
70,198,2
70,199,13
71,72,8
71,73,18
71,74,8
71,75,20
71,76,13
71,77,1
71,78,1
71,79,16
71,80,15
71,81,2
71,82,7
71,83,4
71,84,8
71,85,14
71,86,19
71,87,19
71,88,6
71,89,15
71,90,17
71,91,15
71,92,18
71,93,14
71,94,14
71,95,2
71,96,12
71,97,10
71,98,7
71,99,6
71,100,10
71,101,11
71,102,13
71,103,1
71,104,1
71,105,11
71,106,15
71,107,13
71,108,10
71,109,12
71,110,5
71,111,17
71,112,4
71,113,15
71,114,16
71,115,1
71,116,12
71,117,5
71,118,13
71,119,3
71,120,3
71,121,15
71,122,5
71,123,12
71,124,8
71,125,2
71,126,7
71,127,3
71,128,13
71,129,5
71,130,15
71,131,18
71,132,17
71,133,8
71,134,18
71,135,8
71,136,19
71,137,9
71,138,6
71,139,15
71,140,17
71,141,13
71,142,13
71,143,1
71,144,11
71,145,3
71,146,14
71,147,14
71,148,6
71,149,4
71,150,18
71,151,5
71,152,10
71,153,2
71,154,14
71,155,12
71,156,18
71,157,13
71,158,2
71,159,14
71,160,7
71,161,10
71,162,5
71,163,6
71,164,13
71,165,19
71,166,19
71,167,7
71,168,11
71,169,17
71,170,5
71,171,12
71,172,16
71,173,19
71,174,3
71,175,18
71,176,20
71,177,8
71,178,7
71,179,7
71,180,9
71,181,18
71,182,3
71,183,8
71,184,6
71,185,8
71,186,1
71,187,14
71,188,11
71,189,13
71,190,19
71,191,9
71,192,12
71,193,18
71,194,2
71,195,1
71,196,3
71,197,17
71,198,17
71,199,17
72,73,12
72,74,15
72,75,3
72,76,1
72,77,13
72,78,11
72,79,14
72,80,17
72,81,4
72,82,14
72,83,10
72,84,16
72,85,3
72,86,3
72,87,1
72,88,7
72,89,11
72,90,18
72,91,10
72,92,15
72,93,1
72,94,18
72,95,4
72,96,9
72,97,16
72,98,13
72,99,11
72,100,12
72,101,19
72,102,15
72,103,17
72,104,9
72,105,19
72,106,19
72,107,19
72,108,1
72,109,10
72,110,13
72,111,13
72,112,8
72,113,2
72,114,1
72,115,19
72,116,20
72,117,17
72,118,4
72,119,12
72,120,5
72,121,16
72,122,1
72,123,12
72,124,17
72,125,16
72,126,10
72,127,4
72,128,9
72,129,19
72,130,2
72,131,6
72,132,10
72,133,13
72,134,7
72,135,7
72,136,17
72,137,8
72,138,8
72,139,17
72,140,19
72,141,9
72,142,10
72,143,5
72,144,5
72,145,20
72,146,19
72,147,1
72,148,18
72,149,8
72,150,7
72,151,13
72,152,20
72,153,10
72,154,9
72,155,17
72,156,12
72,157,3
72,158,1
72,159,8
72,160,11
72,161,3
72,162,7
72,163,17
72,164,1
72,165,19
72,166,17
72,167,9
72,168,17
72,169,20
72,170,18
72,171,4
72,172,18
72,173,8
72,174,13
72,175,6
72,176,19
72,177,11
72,178,13
72,179,4
72,180,3
72,181,15
72,182,14
72,183,19
72,184,6
72,185,15
72,186,3
72,187,6
72,188,10
72,189,15
72,190,9
72,191,6
72,192,16
72,193,16
72,194,7
72,195,2
72,196,15
72,197,18
72,198,19
72,199,7
73,74,18
73,75,6
73,76,9
73,77,2
73,78,7
73,79,12
73,80,5
73,81,5
73,82,10
73,83,15
73,84,4
73,85,12
73,86,18
73,87,3
73,88,12
73,89,14
73,90,6
73,91,13
73,92,10
73,93,8
73,94,9
73,95,4
73,96,16
73,97,7
73,98,8
73,99,16
73,100,19
73,101,1
73,102,5
73,103,8
73,104,20
73,105,16
73,106,10
73,107,3
73,108,15
73,109,8
73,110,19
73,111,5
73,112,12
73,113,7
73,114,20
73,115,15
73,116,18
73,117,20
73,118,15
73,119,10
73,120,18
73,121,18
73,122,13
73,123,13
73,124,8
73,125,13
73,126,3
73,127,2
73,128,17
73,129,7
73,130,10
73,131,6
73,132,20
73,133,2
73,134,1
73,135,15
73,136,3
73,137,6
73,138,15
73,139,1
73,140,3
73,141,19
73,142,11
73,143,3
73,144,11
73,145,11
73,146,12
73,147,2
73,148,20
73,149,20
73,150,19
73,151,1
73,152,12
73,153,1
73,154,1
73,155,8
73,156,6
73,157,12
73,158,5
73,159,6
73,160,19
73,161,4
73,162,6
73,163,6
73,164,18
73,165,13
73,166,1
73,167,14
73,168,2
73,169,5
73,170,12
73,171,15
73,172,8
73,173,5
73,174,9
73,175,11
73,176,17
73,177,4
73,178,20
73,179,19
73,180,14
73,181,1
73,182,19
73,183,11
73,184,16
73,185,8
73,186,1
73,187,11
73,188,2
73,189,14
73,190,5
73,191,1
73,192,17
73,193,1
73,194,7
73,195,19
73,196,1
73,197,11
73,198,8
73,199,7
74,75,7
74,76,1
74,77,20
74,78,2
74,79,12
74,80,7
74,81,19
74,82,18
74,83,5
74,84,4
74,85,17
74,86,10
74,87,5
74,88,20
74,89,10
74,90,16
74,91,15
74,92,19
74,93,8
74,94,8
74,95,13
74,96,8
74,97,15
74,98,3
74,99,7
74,100,2
74,101,4
74,102,19
74,103,14
74,104,15
74,105,15
74,106,1
74,107,14
74,108,12
74,109,13
74,110,9
74,111,19
74,112,9
74,113,13
74,114,15
74,115,19
74,116,10
74,117,15
74,118,19
74,119,3
74,120,19
74,121,1
74,122,15
74,123,15
74,124,16
74,125,9
74,126,14
74,127,8
74,128,10
74,129,2
74,130,3
74,131,19
74,132,12
74,133,12
74,134,10
74,135,2
74,136,13
74,137,10
74,138,10
74,139,3
74,140,6
74,141,7
74,142,3
74,143,14
74,144,3
74,145,4
74,146,7
74,147,6
74,148,2
74,149,10
74,150,11
74,151,7
74,152,6
74,153,17
74,154,11
74,155,15
74,156,19
74,157,15
74,158,6
74,159,15
74,160,19
74,161,19
74,162,20
74,163,17
74,164,1
74,165,9
74,166,16
74,167,1
74,168,1
74,169,17
74,170,8
74,171,10
74,172,4
74,173,6
74,174,17
74,175,17
74,176,1
74,177,12
74,178,20
74,179,2
74,180,19
74,181,7
74,182,12
74,183,9
74,184,1
74,185,10
74,186,16
74,187,4
74,188,7
74,189,11
74,190,3
74,191,12
74,192,6
74,193,5
74,194,1
74,195,17
74,196,18
74,197,2
74,198,1
74,199,18
75,76,5
75,77,14
75,78,4
75,79,14
75,80,6
75,81,13
75,82,9
75,83,19
75,84,12
75,85,17
75,86,8
75,87,15
75,88,1
75,89,18
75,90,1
75,91,10
75,92,2
75,93,16
75,94,3
75,95,3
75,96,2
75,97,2
75,98,19
75,99,7
75,100,9
75,101,7
75,102,6
75,103,15
75,104,14
75,105,19
75,106,7
75,107,10
75,108,2
75,109,7
75,110,8
75,111,19
75,112,2
75,113,1
75,114,10
75,115,12
75,116,10
75,117,12
75,118,2
75,119,18
75,120,2
75,121,3
75,122,13
75,123,9
75,124,2
75,125,9
75,126,8
75,127,1
75,128,10
75,129,19
75,130,10
75,131,16
75,132,5
75,133,7
75,134,18
75,135,19
75,136,4
75,137,1
75,138,15
75,139,20
75,140,5
75,141,17
75,142,15
75,143,12
75,144,8
75,145,13
75,146,6
75,147,11
75,148,14
75,149,5
75,150,2
75,151,14
75,152,8
75,153,3
75,154,14
75,155,14
75,156,17
75,157,10
75,158,19
75,159,3
75,160,17
75,161,11
75,162,19
75,163,3
75,164,16
75,165,3
75,166,1
75,167,4
75,168,19
75,169,8
75,170,15
75,171,3
75,172,12
75,173,16
75,174,3
75,175,14
75,176,6
75,177,12
75,178,2
75,179,3
75,180,20
75,181,3
75,182,16
75,183,3
75,184,8
75,185,1
75,186,20
75,187,20
75,188,14
75,189,20
75,190,4
75,191,15
75,192,19
75,193,8
75,194,14
75,195,3
75,196,3
75,197,7
75,198,5
75,199,4
76,77,7
76,78,14
76,79,15
76,80,16
76,81,11
76,82,5
76,83,19
76,84,20
76,85,11
76,86,10
76,87,13
76,88,4
76,89,2
76,90,19
76,91,15
76,92,18
76,93,7
76,94,2
76,95,8
76,96,9
76,97,18
76,98,2
76,99,10
76,100,2
76,101,19
76,102,1
76,103,20
76,104,5
76,105,11
76,106,2
76,107,11
76,108,6
76,109,7
76,110,2
76,111,15
76,112,11
76,113,6
76,114,11
76,115,19
76,116,2
76,117,1
76,118,20
76,119,8
76,120,13
76,121,14
76,122,19
76,123,11
76,124,16
76,125,3
76,126,5
76,127,18
76,128,2
76,129,15
76,130,14
76,131,7
76,132,20
76,133,19
76,134,11
76,135,11
76,136,20
76,137,5
76,138,20
76,139,13
76,140,14
76,141,15
76,142,13
76,143,13
76,144,6
76,145,10
76,146,12
76,147,4
76,148,7
76,149,13
76,150,7
76,151,16
76,152,19
76,153,12
76,154,12
76,155,19
76,156,4
76,157,9
76,158,4
76,159,17
76,160,18
76,161,17
76,162,13
76,163,3
76,164,13
76,165,4
76,166,10
76,167,10
76,168,9
76,169,10
76,170,8
76,171,3
76,172,2
76,173,4
76,174,19
76,175,3
76,176,15
76,177,19
76,178,19
76,179,14
76,180,10
76,181,4
76,182,12
76,183,11
76,184,5
76,185,17
76,186,16
76,187,18
76,188,2
76,189,20
76,190,4
76,191,17
76,192,7
76,193,20
76,194,3
76,195,8
76,196,20
76,197,5
76,198,2
76,199,17
77,78,3
77,79,5
77,80,13
77,81,17
77,82,15
77,83,16
77,84,10
77,85,11
77,86,19
77,87,6
77,88,12
77,89,10
77,90,7
77,91,14
77,92,5
77,93,4
77,94,20
77,95,19
77,96,11
77,97,1
77,98,15
77,99,9
77,100,17
77,101,15
77,102,6
77,103,19
77,104,19
77,105,14
77,106,5
77,107,6
77,108,19
77,109,10
77,110,13
77,111,3
77,112,7
77,113,14
77,114,10
77,115,8
77,116,20
77,117,10
77,118,14
77,119,14
77,120,13
77,121,17
77,122,14
77,123,18
77,124,18
77,125,20
77,126,7
77,127,10
77,128,3
77,129,10
77,130,18
77,131,1
77,132,20
77,133,10
77,134,4
77,135,11
77,136,11
77,137,5
77,138,9
77,139,14
77,140,15
77,141,9
77,142,6
77,143,17
77,144,7
77,145,13
77,146,17
77,147,2
77,148,14
77,149,18
77,150,13
77,151,19
77,152,4
77,153,9
77,154,16
77,155,14
77,156,6
77,157,14
77,158,7
77,159,14
77,160,14
77,161,13
77,162,10
77,163,2
77,164,6
77,165,6
77,166,4
77,167,10
77,168,6
77,169,12
77,170,16
77,171,14
77,172,8
77,173,12
77,174,20
77,175,6
77,176,10
77,177,8
77,178,13
77,179,2
77,180,18
77,181,10
77,182,9
77,183,16
77,184,12
77,185,8
77,186,6
77,187,1
77,188,7
77,189,20
77,190,3
77,191,13
77,192,5
77,193,1
77,194,17
77,195,12
77,196,7
77,197,3
77,198,7
77,199,2
78,79,2
78,80,10
78,81,10
78,82,12
78,83,2
78,84,17
78,85,1
78,86,14
78,87,19
78,88,12
78,89,3
78,90,7
78,91,15
78,92,10
78,93,8
78,94,14
78,95,17
78,96,11
78,97,12
78,98,17
78,99,3
78,100,18
78,101,4
78,102,10
78,103,15
78,104,15
78,105,20
78,106,2
78,107,6
78,108,20
78,109,1
78,110,1
78,111,18
78,112,7
78,113,9
78,114,7
78,115,2
78,116,17
78,117,10
78,118,3
78,119,4
78,120,1
78,121,7
78,122,3
78,123,6
78,124,5
78,125,3
78,126,8
78,127,3
78,128,1
78,129,3
78,130,15
78,131,5
78,132,5
78,133,6
78,134,13
78,135,1
78,136,14
78,137,6
78,138,17
78,139,12
78,140,17
78,141,20
78,142,7
78,143,18
78,144,15
78,145,11
78,146,5
78,147,17
78,148,12
78,149,20
78,150,10
78,151,1
78,152,13
78,153,10
78,154,3
78,155,17
78,156,13
78,157,19
78,158,14
78,159,1
78,160,10
78,161,10
78,162,13
78,163,16
78,164,17
78,165,18
78,166,19
78,167,3
78,168,13
78,169,8
78,170,12
78,171,14
78,172,4
78,173,20
78,174,15
78,175,14
78,176,19
78,177,19
78,178,13
78,179,15
78,180,12
78,181,6
78,182,20
78,183,11
78,184,14
78,185,4
78,186,10
78,187,9
78,188,16
78,189,4
78,190,16
78,191,7
78,192,1
78,193,1
78,194,8
78,195,6
78,196,2
78,197,11
78,198,7
78,199,16
79,80,5
79,81,13
79,82,7
79,83,12
79,84,14
79,85,4
79,86,12
79,87,17
79,88,3
79,89,10
79,90,16
79,91,3
79,92,12
79,93,1
79,94,9
79,95,14
79,96,9
79,97,5
79,98,1
79,99,14
79,100,18
79,101,6
79,102,12
79,103,13
79,104,18
79,105,4
79,106,17
79,107,20
79,108,17
79,109,19
79,110,9
79,111,7
79,112,1
79,113,19
79,114,18
79,115,19
79,116,12
79,117,20
79,118,17
79,119,18
79,120,6
79,121,9
79,122,17
79,123,4
79,124,10
79,125,15
79,126,2
79,127,17
79,128,16
79,129,18
79,130,9
79,131,19
79,132,4
79,133,17
79,134,11
79,135,15
79,136,17
79,137,6
79,138,13
79,139,20
79,140,3
79,141,7
79,142,11
79,143,17
79,144,6
79,145,19
79,146,12
79,147,7
79,148,14
79,149,16
79,150,8
79,151,13
79,152,9
79,153,5
79,154,7
79,155,18
79,156,19
79,157,12
79,158,16
79,159,5
79,160,6
79,161,1
79,162,8
79,163,3
79,164,7
79,165,10
79,166,5
79,167,4
79,168,19
79,169,19
79,170,3
79,171,15
79,172,14
79,173,20
79,174,8
79,175,5
79,176,10
79,177,17
79,178,6
79,179,19
79,180,1
79,181,2
79,182,3
79,183,7
79,184,1
79,185,3
79,186,8
79,187,5
79,188,2
79,189,4
79,190,19
79,191,3
79,192,17
79,193,6
79,194,6
79,195,5
79,196,8
79,197,17
79,198,9
79,199,15
80,81,6
80,82,11
80,83,1
80,84,6
80,85,18
80,86,12
80,87,8
80,88,2
80,89,11
80,90,13
80,91,4
80,92,12
80,93,3
80,94,2
80,95,17
80,96,20
80,97,19
80,98,4
80,99,18
80,100,15
80,101,17
80,102,5
80,103,14
80,104,20
80,105,4
80,106,6
80,107,7
80,108,17
80,109,7
80,110,8
80,111,10
80,112,9
80,113,17
80,114,18
80,115,3
80,116,7
80,117,5
80,118,18
80,119,13
80,120,13
80,121,12
80,122,18
80,123,10
80,124,7
80,125,16
80,126,11
80,127,9
80,128,4
80,129,6
80,130,11
80,131,8
80,132,14
80,133,6
80,134,14
80,135,15
80,136,4
80,137,20
80,138,18
80,139,3
80,140,6
80,141,12
80,142,14
80,143,18
80,144,11
80,145,19
80,146,16
80,147,14
80,148,1
80,149,10
80,150,12
80,151,10
80,152,16
80,153,4
80,154,9
80,155,20
80,156,12
80,157,15
80,158,5
80,159,20
80,160,15
80,161,7
80,162,16
80,163,16
80,164,6
80,165,1
80,166,12
80,167,7
80,168,10
80,169,6
80,170,13
80,171,12
80,172,11
80,173,18
80,174,9
80,175,9
80,176,17
80,177,5
80,178,13
80,179,2
80,180,14
80,181,17
80,182,16
80,183,11
80,184,2
80,185,14
80,186,3
80,187,7
80,188,10
80,189,4
80,190,9
80,191,1
80,192,1
80,193,3
80,194,1
80,195,2
80,196,5
80,197,7
80,198,5
80,199,7
81,82,15
81,83,5
81,84,13
81,85,13
81,86,12
81,87,9
81,88,19
81,89,4
81,90,11
81,91,14
81,92,3
81,93,15
81,94,12
81,95,8
81,96,6
81,97,14
81,98,12
81,99,9
81,100,4
81,101,8
81,102,5
81,103,10
81,104,4
81,105,5
81,106,5
81,107,16
81,108,2
81,109,19
81,110,5
81,111,6
81,112,6
81,113,11
81,114,19
81,115,10
81,116,3
81,117,2
81,118,5
81,119,2
81,120,17
81,121,18
81,122,1
81,123,16
81,124,13
81,125,12
81,126,6
81,127,13
81,128,20
81,129,12
81,130,4
81,131,6
81,132,3
81,133,20
81,134,1
81,135,18
81,136,6
81,137,14
81,138,13
81,139,2
81,140,7
81,141,12
81,142,15
81,143,10
81,144,4
81,145,12
81,146,1
81,147,12
81,148,15
81,149,9
81,150,16
81,151,12
81,152,7
81,153,6
81,154,18
81,155,6
81,156,16
81,157,2
81,158,13
81,159,12
81,160,9
81,161,19
81,162,19
81,163,11
81,164,8
81,165,19
81,166,3
81,167,12
81,168,7
81,169,2
81,170,13
81,171,12
81,172,18
81,173,14
81,174,5
81,175,12
81,176,6
81,177,12
81,178,1
81,179,8
81,180,18
81,181,18
81,182,5
81,183,6
81,184,9
81,185,7
81,186,15
81,187,14
81,188,19
81,189,8
81,190,9
81,191,1
81,192,18
81,193,14
81,194,5
81,195,20
81,196,4
81,197,5
81,198,5
81,199,1
82,83,2
82,84,13
82,85,9
82,86,2
82,87,10
82,88,2
82,89,2
82,90,4
82,91,1
82,92,3
82,93,14
82,94,18
82,95,6
82,96,9
82,97,5
82,98,17
82,99,19
82,100,7
82,101,1
82,102,7
82,103,20
82,104,9
82,105,17
82,106,19
82,107,4
82,108,16
82,109,18
82,110,4
82,111,17
82,112,5
82,113,12
82,114,20
82,115,3
82,116,20
82,117,18
82,118,6
82,119,3
82,120,4
82,121,7
82,122,10
82,123,5
82,124,6
82,125,18
82,126,9
82,127,10
82,128,9
82,129,19
82,130,19
82,131,10
82,132,9
82,133,6
82,134,19
82,135,20
82,136,1
82,137,8
82,138,12
82,139,5
82,140,6
82,141,16
82,142,19
82,143,6
82,144,2
82,145,4
82,146,19
82,147,12
82,148,20
82,149,1
82,150,10
82,151,12
82,152,11
82,153,13
82,154,9
82,155,17
82,156,16
82,157,1
82,158,20
82,159,13
82,160,17
82,161,11
82,162,6
82,163,3
82,164,11
82,165,7
82,166,16
82,167,5
82,168,20
82,169,16
82,170,14
82,171,6
82,172,5
82,173,2
82,174,11
82,175,17
82,176,3
82,177,15
82,178,9
82,179,20
82,180,3
82,181,6
82,182,7
82,183,6
82,184,19
82,185,17
82,186,7
82,187,9
82,188,14
82,189,13
82,190,3
82,191,15
82,192,3
82,193,3
82,194,16
82,195,19
82,196,10
82,197,19
82,198,13
82,199,11
83,84,2
83,85,18
83,86,9
83,87,11
83,88,13
83,89,9
83,90,5
83,91,18
83,92,20
83,93,13
83,94,3
83,95,15
83,96,14
83,97,18
83,98,13
83,99,12
83,100,1
83,101,19
83,102,8
83,103,2
83,104,15
83,105,3
83,106,11
83,107,10
83,108,9
83,109,3
83,110,20
83,111,16
83,112,5
83,113,2
83,114,12
83,115,20
83,116,20
83,117,9
83,118,13
83,119,3
83,120,17
83,121,19
83,122,11
83,123,13
83,124,2
83,125,15
83,126,11
83,127,15
83,128,2
83,129,7
83,130,14
83,131,3
83,132,10
83,133,4
83,134,14
83,135,16
83,136,5
83,137,8
83,138,8
83,139,14
83,140,12
83,141,13
83,142,4
83,143,16
83,144,5
83,145,20
83,146,12
83,147,10
83,148,4
83,149,20
83,150,9
83,151,13
83,152,20
83,153,14
83,154,18
83,155,8
83,156,1
83,157,16
83,158,15
83,159,6
83,160,3
83,161,7
83,162,7
83,163,11
83,164,6
83,165,3
83,166,8
83,167,19
83,168,18
83,169,6
83,170,8
83,171,6
83,172,14
83,173,18
83,174,8
83,175,7
83,176,4
83,177,2
83,178,14
83,179,8
83,180,15
83,181,17
83,182,6
83,183,8
83,184,16
83,185,2
83,186,8
83,187,6
83,188,19
83,189,13
83,190,20
83,191,20
83,192,14
83,193,3
83,194,13
83,195,17
83,196,14
83,197,8
83,198,5
83,199,13
84,85,6
84,86,20
84,87,10
84,88,13
84,89,17
84,90,15
84,91,15
84,92,13
84,93,20
84,94,11
84,95,13
84,96,16
84,97,11
84,98,9
84,99,15
84,100,5
84,101,12
84,102,11
84,103,16
84,104,18
84,105,12
84,106,13
84,107,1
84,108,20
84,109,11
84,110,14
84,111,18
84,112,16
84,113,18
84,114,1
84,115,8
84,116,8
84,117,17
84,118,12
84,119,1
84,120,14
84,121,8
84,122,19
84,123,7
84,124,6
84,125,14
84,126,19
84,127,10
84,128,9
84,129,11
84,130,19
84,131,20
84,132,13
84,133,16
84,134,12
84,135,9
84,136,16
84,137,3
84,138,3
84,139,10
84,140,7
84,141,20
84,142,2
84,143,10
84,144,6
84,145,1
84,146,19
84,147,5
84,148,12
84,149,13
84,150,12
84,151,3
84,152,7
84,153,7
84,154,20
84,155,17
84,156,12
84,157,4
84,158,9
84,159,2
84,160,3
84,161,14
84,162,7
84,163,1
84,164,10
84,165,10
84,166,16
84,167,13
84,168,7
84,169,16
84,170,11
84,171,12
84,172,1
84,173,15
84,174,9
84,175,11
84,176,19
84,177,16
84,178,11
84,179,8
84,180,7
84,181,12
84,182,8
84,183,3
84,184,18
84,185,4
84,186,7
84,187,6
84,188,2
84,189,16
84,190,5
84,191,2
84,192,17
84,193,14
84,194,7
84,195,1
84,196,14
84,197,5
84,198,13
84,199,17
85,86,5
85,87,6
85,88,1
85,89,1
85,90,13
85,91,3
85,92,7
85,93,1
85,94,18
85,95,3
85,96,17
85,97,4
85,98,17
85,99,15
85,100,14
85,101,17
85,102,13
85,103,19
85,104,6
85,105,7
85,106,1
85,107,14
85,108,4
85,109,8
85,110,5
85,111,1
85,112,4
85,113,17
85,114,20
85,115,15
85,116,19
85,117,20
85,118,13
85,119,17
85,120,4
85,121,13
85,122,12
85,123,18
85,124,17
85,125,1
85,126,15
85,127,8
85,128,7
85,129,17
85,130,16
85,131,11
85,132,14
85,133,1
85,134,14
85,135,1
85,136,13
85,137,10
85,138,19
85,139,15
85,140,3
85,141,19
85,142,13
85,143,1
85,144,17
85,145,13
85,146,17
85,147,15
85,148,12
85,149,7
85,150,16
85,151,20
85,152,19
85,153,1
85,154,5
85,155,12
85,156,18
85,157,13
85,158,13
85,159,2
85,160,9
85,161,2
85,162,7
85,163,19
85,164,6
85,165,4
85,166,13
85,167,11
85,168,6
85,169,20
85,170,14
85,171,18
85,172,10
85,173,4
85,174,18
85,175,16
85,176,19
85,177,15
85,178,18
85,179,6
85,180,18
85,181,8
85,182,18
85,183,19
85,184,5
85,185,2
85,186,14
85,187,19
85,188,3
85,189,11
85,190,3
85,191,3
85,192,12
85,193,4
85,194,7
85,195,3
85,196,6
85,197,13
85,198,17
85,199,7
86,87,2
86,88,7
86,89,11
86,90,18
86,91,7
86,92,10
86,93,4
86,94,8
86,95,8
86,96,2
86,97,9
86,98,4
86,99,19
86,100,19
86,101,7
86,102,3
86,103,16
86,104,10
86,105,16
86,106,16
86,107,19
86,108,7
86,109,13
86,110,17
86,111,1
86,112,16
86,113,11
86,114,12
86,115,11
86,116,6
86,117,10
86,118,3
86,119,5
86,120,14
86,121,10
86,122,1
86,123,4
86,124,4
86,125,15
86,126,7
86,127,20
86,128,12
86,129,15
86,130,5
86,131,10
86,132,17
86,133,18
86,134,12
86,135,5
86,136,18
86,137,10
86,138,8
86,139,9
86,140,5
86,141,1
86,142,7
86,143,9
86,144,18
86,145,18
86,146,17
86,147,10
86,148,19
86,149,19
86,150,10
86,151,5
86,152,18
86,153,13
86,154,5
86,155,7
86,156,18
86,157,13
86,158,10
86,159,18
86,160,2
86,161,7
86,162,20
86,163,4
86,164,4
86,165,7
86,166,6
86,167,17
86,168,13
86,169,14
86,170,4
86,171,14
86,172,9
86,173,1
86,174,17
86,175,14
86,176,19
86,177,1
86,178,5
86,179,8
86,180,16
86,181,1
86,182,20
86,183,7
86,184,1
86,185,7
86,186,13
86,187,13
86,188,12
86,189,16
86,190,16
86,191,12
86,192,12
86,193,19
86,194,14
86,195,10
86,196,20
86,197,13
86,198,20
86,199,19
87,88,17
87,89,8
87,90,9
87,91,9
87,92,20
87,93,12
87,94,2
87,95,1
87,96,18
87,97,11
87,98,13
87,99,14
87,100,18
87,101,10
87,102,12
87,103,12
87,104,1
87,105,8
87,106,8
87,107,5
87,108,15
87,109,12
87,110,6
87,111,15
87,112,7
87,113,16
87,114,14
87,115,12
87,116,17
87,117,16
87,118,13
87,119,10
87,120,16
87,121,11
87,122,17
87,123,14
87,124,1
87,125,11
87,126,6
87,127,10
87,128,12
87,129,16
87,130,2
87,131,19
87,132,19
87,133,11
87,134,12
87,135,8
87,136,5
87,137,1
87,138,16
87,139,2
87,140,16
87,141,1
87,142,16
87,143,11
87,144,1
87,145,19
87,146,4
87,147,12
87,148,2
87,149,10
87,150,8
87,151,20
87,152,13
87,153,16
87,154,7
87,155,3
87,156,6
87,157,11
87,158,8
87,159,16
87,160,7
87,161,6
87,162,9
87,163,17
87,164,16
87,165,14
87,166,11
87,167,7
87,168,7
87,169,8
87,170,6
87,171,7
87,172,13
87,173,7
87,174,20
87,175,6
87,176,17
87,177,2
87,178,3
87,179,11
87,180,2
87,181,2
87,182,11
87,183,11
87,184,6
87,185,1
87,186,16
87,187,10
87,188,13
87,189,10
87,190,5
87,191,18
87,192,18
87,193,18
87,194,16
87,195,15
87,196,10
87,197,4
87,198,2
87,199,14
88,89,16
88,90,18
88,91,19
88,92,19
88,93,6
88,94,1
88,95,12
88,96,11
88,97,11
88,98,12
88,99,2
88,100,4
88,101,16
88,102,17
88,103,18
88,104,10
88,105,6
88,106,13
88,107,14
88,108,4
88,109,18
88,110,6
88,111,16
88,112,2
88,113,11
88,114,15
88,115,10
88,116,1
88,117,13
88,118,11
88,119,2
88,120,4
88,121,9
88,122,11
88,123,20
88,124,18
88,125,11
88,126,19
88,127,20
88,128,1
88,129,8
88,130,8
88,131,15
88,132,5
88,133,13
88,134,7
88,135,6
88,136,11
88,137,7
88,138,1
88,139,19
88,140,10
88,141,20
88,142,11
88,143,1
88,144,20
88,145,3
88,146,13
88,147,7
88,148,7
88,149,8
88,150,19
88,151,14
88,152,20
88,153,10
88,154,13
88,155,5
88,156,5
88,157,1
88,158,11
88,159,8
88,160,7
88,161,19
88,162,5
88,163,20
88,164,4
88,165,18
88,166,10
88,167,18
88,168,5
88,169,3
88,170,9
88,171,11
88,172,18
88,173,17
88,174,9
88,175,7
88,176,15
88,177,6
88,178,4
88,179,20
88,180,10
88,181,3
88,182,14
88,183,16
88,184,6
88,185,13
88,186,19
88,187,12
88,188,11
88,189,9
88,190,14
88,191,3
88,192,7
88,193,9
88,194,9
88,195,15
88,196,5
88,197,14
88,198,19
88,199,9
89,90,7
89,91,10
89,92,4
89,93,7
89,94,7
89,95,1
89,96,6
89,97,6
89,98,20
89,99,4
89,100,10
89,101,10
89,102,7
89,103,3
89,104,7
89,105,6
89,106,11
89,107,6
89,108,2
89,109,17
89,110,3
89,111,4
89,112,18
89,113,1
89,114,8
89,115,10
89,116,13
89,117,15
89,118,12
89,119,15
89,120,11
89,121,20
89,122,20
89,123,19
89,124,10
89,125,19
89,126,1
89,127,5
89,128,14
89,129,6
89,130,13
89,131,19
89,132,1
89,133,4
89,134,18
89,135,9
89,136,19
89,137,16
89,138,4
89,139,2
89,140,12
89,141,8
89,142,14
89,143,2
89,144,15
89,145,14
89,146,15
89,147,10
89,148,10
89,149,19
89,150,6
89,151,1
89,152,2
89,153,9
89,154,16
89,155,19
89,156,3
89,157,9
89,158,4
89,159,1
89,160,19
89,161,18
89,162,20
89,163,19
89,164,17
89,165,4
89,166,15
89,167,6
89,168,4
89,169,14
89,170,17
89,171,3
89,172,13
89,173,6
89,174,4
89,175,10
89,176,8
89,177,3
89,178,14
89,179,8
89,180,2
89,181,10
89,182,11
89,183,2
89,184,5
89,185,9
89,186,2
89,187,10
89,188,16
89,189,10
89,190,1
89,191,1
89,192,4
89,193,5
89,194,9
89,195,12
89,196,11
89,197,9
89,198,4
89,199,1
90,91,14
90,92,10
90,93,12
90,94,15
90,95,15
90,96,15
90,97,7
90,98,17
90,99,4
90,100,18
90,101,20
90,102,8
90,103,16
90,104,9
90,105,12
90,106,17
90,107,14
90,108,14
90,109,3
90,110,5
90,111,18
90,112,11
90,113,4
90,114,4
90,115,2
90,116,6
90,117,4
90,118,16
90,119,1
90,120,20
90,121,1
90,122,8
90,123,14
90,124,19
90,125,9
90,126,19
90,127,11
90,128,13
90,129,11
90,130,2
90,131,6
90,132,17
90,133,5
90,134,14
90,135,10
90,136,8
90,137,18
90,138,7
90,139,12
90,140,16
90,141,2
90,142,14
90,143,8
90,144,19
90,145,13
90,146,2
90,147,8
90,148,10
90,149,20
90,150,2
90,151,6
90,152,14
90,153,16
90,154,7
90,155,19
90,156,7
90,157,7
90,158,15
90,159,15
90,160,9
90,161,3
90,162,9
90,163,1
90,164,11
90,165,14
90,166,19
90,167,3
90,168,10
90,169,10
90,170,6
90,171,7
90,172,17
90,173,15
90,174,5
90,175,11
90,176,5
90,177,13
90,178,3
90,179,20
90,180,10
90,181,12
90,182,11
90,183,14
90,184,6
90,185,15
90,186,9
90,187,4
90,188,17
90,189,1
90,190,7
90,191,3
90,192,16
90,193,4
90,194,11
90,195,17
90,196,14
90,197,11
90,198,12
90,199,17
91,92,12
91,93,15
91,94,11
91,95,15
91,96,14
91,97,14
91,98,5
91,99,4
91,100,13
91,101,17
91,102,16
91,103,3
91,104,16
91,105,10
91,106,1
91,107,6
91,108,15
91,109,3
91,110,2
91,111,8
91,112,10
91,113,12
91,114,18
91,115,20
91,116,15
91,117,3
91,118,16
91,119,5
91,120,12
91,121,10
91,122,13
91,123,8
91,124,5
91,125,16
91,126,12
91,127,14
91,128,2
91,129,10
91,130,9
91,131,12
91,132,12
91,133,13
91,134,12
91,135,8
91,136,20
91,137,19
91,138,17
91,139,4
91,140,13
91,141,12
91,142,8
91,143,9
91,144,16
91,145,14
91,146,7
91,147,17
91,148,2
91,149,20
91,150,17
91,151,12
91,152,1
91,153,2
91,154,11
91,155,15
91,156,14
91,157,1
91,158,14
91,159,3
91,160,1
91,161,6
91,162,16
91,163,20
91,164,18
91,165,6
91,166,9
91,167,2
91,168,3
91,169,6
91,170,8
91,171,2
91,172,14
91,173,12
91,174,1
91,175,19
91,176,9
91,177,2
91,178,18
91,179,10
91,180,9
91,181,7
91,182,17
91,183,15
91,184,14
91,185,8
91,186,2
91,187,14
91,188,13
91,189,5
91,190,17
91,191,6
91,192,17
91,193,1
91,194,12
91,195,17
91,196,1
91,197,11
91,198,2
91,199,18
92,93,13
92,94,10
92,95,3
92,96,4
92,97,13
92,98,18
92,99,1
92,100,1
92,101,5
92,102,4
92,103,14
92,104,20
92,105,15
92,106,12
92,107,19
92,108,1
92,109,18
92,110,19
92,111,8
92,112,8
92,113,1
92,114,9
92,115,18
92,116,10
92,117,4
92,118,18
92,119,13
92,120,15
92,121,2
92,122,4
92,123,13
92,124,5
92,125,18
92,126,18
92,127,13
92,128,17
92,129,15
92,130,4
92,131,3
92,132,8
92,133,6
92,134,5
92,135,16
92,136,6
92,137,6
92,138,19
92,139,3
92,140,14
92,141,16
92,142,19
92,143,17
92,144,18
92,145,7
92,146,7
92,147,2
92,148,5
92,149,17
92,150,1
92,151,20
92,152,13
92,153,3
92,154,1
92,155,7
92,156,12
92,157,15
92,158,3
92,159,11
92,160,7
92,161,6
92,162,14
92,163,5
92,164,19
92,165,20
92,166,12
92,167,12
92,168,5
92,169,13
92,170,5
92,171,14
92,172,7
92,173,11
92,174,9
92,175,2
92,176,11
92,177,13
92,178,9
92,179,20
92,180,8
92,181,5
92,182,5
92,183,15
92,184,20
92,185,11
92,186,13
92,187,18
92,188,10
92,189,11
92,190,9
92,191,6
92,192,10
92,193,7
92,194,13
92,195,6
92,196,4
92,197,12
92,198,11
92,199,2
93,94,3
93,95,20
93,96,10
93,97,19
93,98,5
93,99,6
93,100,1
93,101,11
93,102,16
93,103,5
93,104,4
93,105,17
93,106,9
93,107,3
93,108,15
93,109,14
93,110,9
93,111,11
93,112,8
93,113,6
93,114,16
93,115,2
93,116,2
93,117,1
93,118,3
93,119,5
93,120,2
93,121,12
93,122,5
93,123,11
93,124,5
93,125,17
93,126,20
93,127,4
93,128,18
93,129,9
93,130,17
93,131,5
93,132,6
93,133,5
93,134,14
93,135,9
93,136,18
93,137,17
93,138,10
93,139,2
93,140,11
93,141,15
93,142,15
93,143,5
93,144,14
93,145,5
93,146,1
93,147,15
93,148,17
93,149,6
93,150,10
93,151,6
93,152,13
93,153,11
93,154,20
93,155,5
93,156,20
93,157,18
93,158,8
93,159,16
93,160,19
93,161,13
93,162,7
93,163,10
93,164,6
93,165,17
93,166,6
93,167,9
93,168,4
93,169,16
93,170,6
93,171,4
93,172,5
93,173,18
93,174,4
93,175,14
93,176,10
93,177,19
93,178,4
93,179,11
93,180,1
93,181,1
93,182,16
93,183,20
93,184,8
93,185,4
93,186,8
93,187,2
93,188,10
93,189,14
93,190,4
93,191,5
93,192,19
93,193,5
93,194,3
93,195,17
93,196,13
93,197,10
93,198,19
93,199,16
94,95,18
94,96,2
94,97,9
94,98,18
94,99,6
94,100,4
94,101,7
94,102,9
94,103,5
94,104,12
94,105,5
94,106,14
94,107,20
94,108,16
94,109,12
94,110,6
94,111,14
94,112,19
94,113,2
94,114,13
94,115,3
94,116,17
94,117,20
94,118,11
94,119,12
94,120,20
94,121,20
94,122,5
94,123,4
94,124,12
94,125,10
94,126,5
94,127,10
94,128,20
94,129,16
94,130,15
94,131,17
94,132,9
94,133,3
94,134,4
94,135,6
94,136,14
94,137,2
94,138,6
94,139,19
94,140,7
94,141,20
94,142,13
94,143,15
94,144,3
94,145,9
94,146,7
94,147,6
94,148,1
94,149,2
94,150,8
94,151,1
94,152,13
94,153,12
94,154,8
94,155,6
94,156,1
94,157,11
94,158,7
94,159,8
94,160,18
94,161,11
94,162,13
94,163,7
94,164,2
94,165,3
94,166,3
94,167,17
94,168,14
94,169,13
94,170,18
94,171,15
94,172,2
94,173,3
94,174,12
94,175,18
94,176,13
94,177,9
94,178,11
94,179,6
94,180,13
94,181,1
94,182,9
94,183,2
94,184,8
94,185,17
94,186,16
94,187,13
94,188,8
94,189,20
94,190,4
94,191,16
94,192,15
94,193,17
94,194,18
94,195,17
94,196,14
94,197,4
94,198,19
94,199,3
95,96,14
95,97,17
95,98,7
95,99,15
95,100,16
95,101,12
95,102,5
95,103,5
95,104,6
95,105,8
95,106,17
95,107,18
95,108,15
95,109,2
95,110,1
95,111,8
95,112,9
95,113,10
95,114,8
95,115,18
95,116,2
95,117,5
95,118,7
95,119,13
95,120,16
95,121,16
95,122,13
95,123,17
95,124,1
95,125,14
95,126,5
95,127,15
95,128,19
95,129,3
95,130,3
95,131,4
95,132,6
95,133,4
95,134,3
95,135,3
95,136,5
95,137,2
95,138,10
95,139,20
95,140,10
95,141,1
95,142,5
95,143,3
95,144,1
95,145,8
95,146,13
95,147,7
95,148,4
95,149,7
95,150,17
95,151,20
95,152,19
95,153,10
95,154,1
95,155,1
95,156,17
95,157,11
95,158,11
95,159,7
95,160,13
95,161,7
95,162,16
95,163,2
95,164,19
95,165,14
95,166,7
95,167,3
95,168,4
95,169,14
95,170,15
95,171,14
95,172,17
95,173,11
95,174,3
95,175,9
95,176,8
95,177,15
95,178,10
95,179,2
95,180,8
95,181,18
95,182,18
95,183,5
95,184,14
95,185,19
95,186,2
95,187,8
95,188,12
95,189,15
95,190,5
95,191,19
95,192,14
95,193,17
95,194,2
95,195,9
95,196,5
95,197,5
95,198,12
95,199,12
96,97,1
96,98,12
96,99,3
96,100,4
96,101,17
96,102,10
96,103,20
96,104,13
96,105,6
96,106,17
96,107,19
96,108,20
96,109,6
96,110,18
96,111,13
96,112,1
96,113,19
96,114,19
96,115,15
96,116,4
96,117,18
96,118,4
96,119,15
96,120,1
96,121,15
96,122,14
96,123,2
96,124,5
96,125,8
96,126,13
96,127,20
96,128,7
96,129,5
96,130,10
96,131,17
96,132,2
96,133,3
96,134,9
96,135,13
96,136,17
96,137,2
96,138,11
96,139,3
96,140,16
96,141,19
96,142,7
96,143,2
96,144,13
96,145,18
96,146,1
96,147,14
96,148,12
96,149,8
96,150,17
96,151,8
96,152,1
96,153,20
96,154,5
96,155,8
96,156,2
96,157,14
96,158,18
96,159,13
96,160,17
96,161,13
96,162,1
96,163,16
96,164,15
96,165,6
96,166,19
96,167,4
96,168,3
96,169,9
96,170,16
96,171,11
96,172,8
96,173,2
96,174,15
96,175,15
96,176,15
96,177,19
96,178,3
96,179,10
96,180,20
96,181,17
96,182,20
96,183,1
96,184,17
96,185,10
96,186,13
96,187,18
96,188,9
96,189,8
96,190,10
96,191,13
96,192,7
96,193,1
96,194,8
96,195,11
96,196,10
96,197,4
96,198,4
96,199,11
97,98,3
97,99,10
97,100,12
97,101,5
97,102,2
97,103,9
97,104,5
97,105,13
97,106,2
97,107,10
97,108,10
97,109,12
97,110,9
97,111,17
97,112,18
97,113,3
97,114,20
97,115,17
97,116,2
97,117,6
97,118,5
97,119,17
97,120,19
97,121,9
97,122,19
97,123,14
97,124,10
97,125,18
97,126,12
97,127,16
97,128,20
97,129,20
97,130,11
97,131,9
97,132,8
97,133,9
97,134,6
97,135,6
97,136,4
97,137,15
97,138,5
97,139,11
97,140,9
97,141,17
97,142,19
97,143,11
97,144,14
97,145,9
97,146,2
97,147,9
97,148,3
97,149,15
97,150,13
97,151,7
97,152,7
97,153,2
97,154,10
97,155,9
97,156,2
97,157,17
97,158,2
97,159,3
97,160,17
97,161,9
97,162,4
97,163,14
97,164,8
97,165,11
97,166,14
97,167,19
97,168,3
97,169,5
97,170,1
97,171,20
97,172,14
97,173,15
97,174,4
97,175,18
97,176,9
97,177,11
97,178,14
97,179,18
97,180,10
97,181,19
97,182,12
97,183,18
97,184,14
97,185,7
97,186,4
97,187,18
97,188,5
97,189,10
97,190,6
97,191,14
97,192,1
97,193,3
97,194,19
97,195,6
97,196,4
97,197,20
97,198,17
97,199,15
98,99,2
98,100,15
98,101,9
98,102,8
98,103,19
98,104,16
98,105,10
98,106,14
98,107,20
98,108,1
98,109,17
98,110,5
98,111,1
98,112,18
98,113,14
98,114,17
98,115,19
98,116,2
98,117,1
98,118,9
98,119,2
98,120,1
98,121,15
98,122,18
98,123,1
98,124,20
98,125,1
98,126,17
98,127,10
98,128,20
98,129,11
98,130,8
98,131,14
98,132,11
98,133,8
98,134,15
98,135,7
98,136,15
98,137,2
98,138,7
98,139,8
98,140,20
98,141,20
98,142,3
98,143,10
98,144,1
98,145,9
98,146,16
98,147,5
98,148,7
98,149,15
98,150,2
98,151,14
98,152,17
98,153,18
98,154,15
98,155,5
98,156,18
98,157,18
98,158,12
98,159,14
98,160,12
98,161,19
98,162,8
98,163,14
98,164,5
98,165,13
98,166,18
98,167,2
98,168,9
98,169,8
98,170,13
98,171,4
98,172,18
98,173,13
98,174,19
98,175,5
98,176,20
98,177,6
98,178,13
98,179,1
98,180,14
98,181,13
98,182,2
98,183,16
98,184,12
98,185,12
98,186,11
98,187,3
98,188,4
98,189,13
98,190,2
98,191,3
98,192,19
98,193,13
98,194,18
98,195,19
98,196,14
98,197,2
98,198,6
98,199,2
99,100,3
99,101,8
99,102,16
99,103,15
99,104,11
99,105,8
99,106,4
99,107,9
99,108,18
99,109,11
99,110,12
99,111,2
99,112,14
99,113,19
99,114,13
99,115,3
99,116,18
99,117,20
99,118,18
99,119,13
99,120,4
99,121,15
99,122,14
99,123,9
99,124,9
99,125,12
99,126,4
99,127,20
99,128,6
99,129,7
99,130,11
99,131,14
99,132,15
99,133,9
99,134,3
99,135,9
99,136,13
99,137,10
99,138,3
99,139,19
99,140,5
99,141,6
99,142,3
99,143,1
99,144,8
99,145,11
99,146,2
99,147,19
99,148,17
99,149,12
99,150,5
99,151,5
99,152,8
99,153,10
99,154,6
99,155,9
99,156,13
99,157,6
99,158,8
99,159,17
99,160,5
99,161,2
99,162,10
99,163,8
99,164,19
99,165,6
99,166,9
99,167,1
99,168,2
99,169,8
99,170,20
99,171,10
99,172,5
99,173,14
99,174,6
99,175,19
99,176,10
99,177,15
99,178,6
99,179,16
99,180,2
99,181,2
99,182,6
99,183,15
99,184,19
99,185,12
99,186,11
99,187,3
99,188,19
99,189,12
99,190,2
99,191,3
99,192,2
99,193,16
99,194,14
99,195,9
99,196,11
99,197,10
99,198,10
99,199,10
100,101,6
100,102,11
100,103,11
100,104,20
100,105,7
100,106,18
100,107,16
100,108,10
100,109,19
100,110,7
100,111,8
100,112,13
100,113,1
100,114,17
100,115,9
100,116,17
100,117,12
100,118,16
100,119,20
100,120,8
100,121,2
100,122,3
100,123,16
100,124,10
100,125,13
100,126,14
100,127,13
100,128,17
100,129,14
100,130,16
100,131,15
100,132,7
100,133,4
100,134,11
100,135,8
100,136,1
100,137,10
100,138,7
100,139,6
100,140,13
100,141,10
100,142,8
100,143,5
100,144,10
100,145,2
100,146,18
100,147,6
100,148,18
100,149,18
100,150,5
100,151,10
100,152,15
100,153,13
100,154,9
100,155,2
100,156,10
100,157,6
100,158,1
100,159,16
100,160,19
100,161,17
100,162,4
100,163,13
100,164,3
100,165,10
100,166,2
100,167,14
100,168,13
100,169,15
100,170,19
100,171,12
100,172,19
100,173,1
100,174,2
100,175,11
100,176,1
100,177,12
100,178,7
100,179,20
100,180,9
100,181,3
100,182,10
100,183,4
100,184,7
100,185,14
100,186,13
100,187,9
100,188,11
100,189,5
100,190,13
100,191,17
100,192,10
100,193,2
100,194,17
100,195,14
100,196,9
100,197,6
100,198,1
100,199,17
101,102,10
101,103,16
101,104,19
101,105,16
101,106,12
101,107,14
101,108,13
101,109,9
101,110,6
101,111,16
101,112,20
101,113,9
101,114,5
101,115,17
101,116,13
101,117,11
101,118,17
101,119,6
101,120,1
101,121,18
101,122,20
101,123,1
101,124,15
101,125,14
101,126,10
101,127,7
101,128,15
101,129,9
101,130,12
101,131,8
101,132,11
101,133,15
101,134,10
101,135,3
101,136,11
101,137,1
101,138,5
101,139,8
101,140,19
101,141,17
101,142,5
101,143,18
101,144,12
101,145,8
101,146,12
101,147,18
101,148,19
101,149,1
101,150,3
101,151,8
101,152,16
101,153,19
101,154,12
101,155,4
101,156,14
101,157,5
101,158,9
101,159,12
101,160,12
101,161,14
101,162,7
101,163,3
101,164,12
101,165,1
101,166,9
101,167,8
101,168,19
101,169,18
101,170,3
101,171,13
101,172,11
101,173,8
101,174,9
101,175,5
101,176,5
101,177,12
101,178,3
101,179,11
101,180,3
101,181,1
101,182,12
101,183,7
101,184,17
101,185,12
101,186,9
101,187,16
101,188,11
101,189,14
101,190,1
101,191,20
101,192,20
101,193,1
101,194,15
101,195,1
101,196,13
101,197,12
101,198,18
101,199,11
102,103,20
102,104,17
102,105,19
102,106,10
102,107,8
102,108,5
102,109,11
102,110,15
102,111,9
102,112,8
102,113,1
102,114,16
102,115,20
102,116,12
102,117,18
102,118,1
102,119,19
102,120,17
102,121,17
102,122,8
102,123,12
102,124,14
102,125,18
102,126,9
102,127,13
102,128,20
102,129,19
102,130,14
102,131,13
102,132,5
102,133,2
102,134,14
102,135,2
102,136,12
102,137,14
102,138,7
102,139,18
102,140,5
102,141,2
102,142,13
102,143,17
102,144,19
102,145,12
102,146,8
102,147,19
102,148,20
102,149,5
102,150,12
102,151,18
102,152,10
102,153,10
102,154,17
102,155,17
102,156,17
102,157,11
102,158,3
102,159,4
102,160,15
102,161,18
102,162,11
102,163,1
102,164,17
102,165,14
102,166,3
102,167,14
102,168,19
102,169,20
102,170,11
102,171,15
102,172,17
102,173,6
102,174,14
102,175,20
102,176,8
102,177,3
102,178,8
102,179,8
102,180,6
102,181,10
102,182,5
102,183,13
102,184,1
102,185,15
102,186,15
102,187,18
102,188,19
102,189,1
102,190,19
102,191,15
102,192,6
102,193,19
102,194,2
102,195,15
102,196,11
102,197,8
102,198,8
102,199,3
103,104,20
103,105,18
103,106,14
103,107,3
103,108,3
103,109,20
103,110,6
103,111,19
103,112,3
103,113,19
103,114,6
103,115,17
103,116,1
103,117,5
103,118,9
103,119,12
103,120,12
103,121,13
103,122,5
103,123,12
103,124,8
103,125,13
103,126,19
103,127,14
103,128,19
103,129,3
103,130,8
103,131,2
103,132,16
103,133,19
103,134,5
103,135,12
103,136,8
103,137,13
103,138,20
103,139,4
103,140,20
103,141,11
103,142,4
103,143,7
103,144,11
103,145,7
103,146,16
103,147,4
103,148,6
103,149,2
103,150,14
103,151,15
103,152,18
103,153,14
103,154,17
103,155,5
103,156,8
103,157,14
103,158,6
103,159,11
103,160,3
103,161,15
103,162,8
103,163,17
103,164,1
103,165,2
103,166,18
103,167,14
103,168,11
103,169,16
103,170,11
103,171,12
103,172,3
103,173,7
103,174,8
103,175,6
103,176,18
103,177,10
103,178,5
103,179,19
103,180,16
103,181,6
103,182,4
103,183,18
103,184,15
103,185,2
103,186,19
103,187,17
103,188,16
103,189,6
103,190,8
103,191,18
103,192,9
103,193,17
103,194,6
103,195,17
103,196,3
103,197,13
103,198,12
103,199,16
104,105,13
104,106,16
104,107,8
104,108,12
104,109,11
104,110,20
104,111,7
104,112,8
104,113,4
104,114,12
104,115,19
104,116,17
104,117,18
104,118,5
104,119,9
104,120,1
104,121,5
104,122,6
104,123,8
104,124,5
104,125,15
104,126,12
104,127,5
104,128,11
104,129,15
104,130,8
104,131,15
104,132,2
104,133,9
104,134,17
104,135,6
104,136,17
104,137,3
104,138,19
104,139,20
104,140,17
104,141,9
104,142,2
104,143,3
104,144,17
104,145,6
104,146,6
104,147,8
104,148,13
104,149,14
104,150,3
104,151,13
104,152,13
104,153,12
104,154,7
104,155,6
104,156,16
104,157,8
104,158,17
104,159,10
104,160,3
104,161,10
104,162,11
104,163,11
104,164,18
104,165,13
104,166,20
104,167,2
104,168,18
104,169,20
104,170,9
104,171,10
104,172,8
104,173,11
104,174,12
104,175,3
104,176,10
104,177,19
104,178,12
104,179,19
104,180,4
104,181,10
104,182,7
104,183,5
104,184,18
104,185,11
104,186,4
104,187,5
104,188,9
104,189,12
104,190,12
104,191,12
104,192,4
104,193,8
104,194,9
104,195,18
104,196,14
104,197,13
104,198,20
104,199,9
105,106,16
105,107,16
105,108,4
105,109,7
105,110,14
105,111,12
105,112,9
105,113,15
105,114,17
105,115,7
105,116,4
105,117,6
105,118,5
105,119,5
105,120,3
105,121,13
105,122,3
105,123,10
105,124,8
105,125,13
105,126,8
105,127,3
105,128,14
105,129,10
105,130,7
105,131,18
105,132,13
105,133,10
105,134,6
105,135,8
105,136,5
105,137,18
105,138,5
105,139,16
105,140,9
105,141,14
105,142,10
105,143,5
105,144,19
105,145,11
105,146,5
105,147,12
105,148,8
105,149,7
105,150,13
105,151,4
105,152,18
105,153,15
105,154,7
105,155,20
105,156,10
105,157,3
105,158,20
105,159,13
105,160,17
105,161,5
105,162,17
105,163,20
105,164,15
105,165,12
105,166,10
105,167,2
105,168,18
105,169,4
105,170,11
105,171,3
105,172,12
105,173,6
105,174,14
105,175,8
105,176,17
105,177,9
105,178,8
105,179,11
105,180,4
105,181,16
105,182,20
105,183,14
105,184,16
105,185,4
105,186,4
105,187,9
105,188,6
105,189,14
105,190,17
105,191,20
105,192,5
105,193,16
105,194,19
105,195,6
105,196,8
105,197,17
105,198,7
105,199,16
106,107,4
106,108,1
106,109,1
106,110,17
106,111,16
106,112,1
106,113,19
106,114,12
106,115,15
106,116,11
106,117,2
106,118,20
106,119,3
106,120,9
106,121,9
106,122,16
106,123,1
106,124,1
106,125,17
106,126,2
106,127,7
106,128,7
106,129,19
106,130,13
106,131,19
106,132,3
106,133,3
106,134,11
106,135,20
106,136,1
106,137,5
106,138,20
106,139,14
106,140,4
106,141,17
106,142,17
106,143,1
106,144,7
106,145,19
106,146,4
106,147,12
106,148,3
106,149,10
106,150,18
106,151,15
106,152,2
106,153,6
106,154,18
106,155,14
106,156,4
106,157,12
106,158,12
106,159,10
106,160,4
106,161,3
106,162,15
106,163,20
106,164,8
106,165,15
106,166,1
106,167,20
106,168,14
106,169,11
106,170,15
106,171,17
106,172,18
106,173,8
106,174,19
106,175,15
106,176,4
106,177,10
106,178,2
106,179,12
106,180,1
106,181,17
106,182,7
106,183,6
106,184,19
106,185,6
106,186,2
106,187,2
106,188,7
106,189,19
106,190,20
106,191,6
106,192,17
106,193,11
106,194,13
106,195,3
106,196,12
106,197,6
106,198,12
106,199,7
107,108,9
107,109,2
107,110,9
107,111,16
107,112,12
107,113,13
107,114,17
107,115,13
107,116,18
107,117,7
107,118,11
107,119,12
107,120,7
107,121,15
107,122,6
107,123,3
107,124,9
107,125,2
107,126,3
107,127,10
107,128,19
107,129,1
107,130,4
107,131,10
107,132,5
107,133,4
107,134,13
107,135,1
107,136,5
107,137,2
107,138,9
107,139,18
107,140,17
107,141,8
107,142,9
107,143,15
107,144,11
107,145,11
107,146,3
107,147,19
107,148,18
107,149,3
107,150,10
107,151,9
107,152,1
107,153,3
107,154,9
107,155,3
107,156,6
107,157,9
107,158,3
107,159,4
107,160,3
107,161,5
107,162,17
107,163,20
107,164,9
107,165,11
107,166,11
107,167,12
107,168,18
107,169,16
107,170,20
107,171,1
107,172,7
107,173,7
107,174,17
107,175,14
107,176,14
107,177,9
107,178,5
107,179,17
107,180,12
107,181,12
107,182,11
107,183,9
107,184,3
107,185,16
107,186,15
107,187,6
107,188,5
107,189,15
107,190,4
107,191,19
107,192,12
107,193,18
107,194,9
107,195,20
107,196,5
107,197,10
107,198,10
107,199,16
108,109,10
108,110,20
108,111,1
108,112,8
108,113,3
108,114,7
108,115,19
108,116,18
108,117,7
108,118,6
108,119,15
108,120,11
108,121,17
108,122,8
108,123,15
108,124,17
108,125,19
108,126,19
108,127,13
108,128,5
108,129,14
108,130,19
108,131,7
108,132,12
108,133,6
108,134,14
108,135,5
108,136,20
108,137,13
108,138,11
108,139,5
108,140,16
108,141,7
108,142,4
108,143,2
108,144,14
108,145,20
108,146,10
108,147,15
108,148,8
108,149,17
108,150,8
108,151,4
108,152,17
108,153,11
108,154,8
108,155,19
108,156,16
108,157,7
108,158,18
108,159,7
108,160,19
108,161,1
108,162,15
108,163,9
108,164,9
108,165,20
108,166,16
108,167,18
108,168,19
108,169,2
108,170,13
108,171,13
108,172,3
108,173,10
108,174,10
108,175,15
108,176,4
108,177,6
108,178,16
108,179,6
108,180,2
108,181,17
108,182,4
108,183,15
108,184,15
108,185,2
108,186,3
108,187,9
108,188,13
108,189,20
108,190,4
108,191,10
108,192,5
108,193,13
108,194,3
108,195,5
108,196,14
108,197,11
108,198,9
108,199,7
109,110,3
109,111,8
109,112,5
109,113,12
109,114,19
109,115,11
109,116,15
109,117,5
109,118,16
109,119,8
109,120,15
109,121,15
109,122,7
109,123,12
109,124,7
109,125,2
109,126,2
109,127,16
109,128,20
109,129,12
109,130,6
109,131,20
109,132,16
109,133,4
109,134,14
109,135,8
109,136,11
109,137,18
109,138,7
109,139,3
109,140,14
109,141,7
109,142,19
109,143,5
109,144,4
109,145,8
109,146,8
109,147,4
109,148,1
109,149,10
109,150,20
109,151,13
109,152,19
109,153,7
109,154,19
109,155,6
109,156,1
109,157,11
109,158,8
109,159,16
109,160,19
109,161,16
109,162,19
109,163,11
109,164,3
109,165,2
109,166,9
109,167,8
109,168,10
109,169,13
109,170,8
109,171,7
109,172,17
109,173,19
109,174,9
109,175,11
109,176,6
109,177,8
109,178,10
109,179,8
109,180,18
109,181,18
109,182,9
109,183,20
109,184,11
109,185,15
109,186,9
109,187,20
109,188,15
109,189,8
109,190,8
109,191,15
109,192,5
109,193,7
109,194,14
109,195,8
109,196,3
109,197,16
109,198,17
109,199,2
110,111,8
110,112,14
110,113,7
110,114,5
110,115,1
110,116,1
110,117,3
110,118,16
110,119,5
110,120,6
110,121,2
110,122,20
110,123,19
110,124,9
110,125,19
110,126,19
110,127,20
110,128,8
110,129,6
110,130,1
110,131,13
110,132,2
110,133,18
110,134,7
110,135,1
110,136,11
110,137,18
110,138,12
110,139,15
110,140,2
110,141,14
110,142,12
110,143,6
110,144,14
110,145,20
110,146,11
110,147,6
110,148,3
110,149,4
110,150,15
110,151,13
110,152,17
110,153,7
110,154,7
110,155,19
110,156,8
110,157,8
110,158,15
110,159,15
110,160,20
110,161,11
110,162,9
110,163,16
110,164,10
110,165,8
110,166,6
110,167,15
110,168,2
110,169,5
110,170,6
110,171,1
110,172,13
110,173,13
110,174,7
110,175,8
110,176,16
110,177,13
110,178,5
110,179,17
110,180,1
110,181,2
110,182,15
110,183,16
110,184,17
110,185,19
110,186,17
110,187,3
110,188,2
110,189,6
110,190,5
110,191,9
110,192,20
110,193,6
110,194,9
110,195,14
110,196,2
110,197,12
110,198,2
110,199,14
111,112,2
111,113,19
111,114,16
111,115,18
111,116,8
111,117,18
111,118,5
111,119,8
111,120,18
111,121,2
111,122,13
111,123,9
111,124,16
111,125,19
111,126,9
111,127,4
111,128,20
111,129,15
111,130,16
111,131,12
111,132,13
111,133,2
111,134,13
111,135,12
111,136,10
111,137,4
111,138,8
111,139,16
111,140,6
111,141,6
111,142,17
111,143,19
111,144,15
111,145,3
111,146,11
111,147,14
111,148,11
111,149,8
111,150,20
111,151,4
111,152,14
111,153,4
111,154,18
111,155,1
111,156,10
111,157,4
111,158,16
111,159,17
111,160,16
111,161,20
111,162,7
111,163,2
111,164,17
111,165,12
111,166,2
111,167,17
111,168,13
111,169,9
111,170,17
111,171,17
111,172,2
111,173,4
111,174,14
111,175,7
111,176,19
111,177,3
111,178,7
111,179,13
111,180,9
111,181,13
111,182,3
111,183,16
111,184,20
111,185,8
111,186,9
111,187,6
111,188,3
111,189,16
111,190,8
111,191,6
111,192,18
111,193,12
111,194,6
111,195,5
111,196,5
111,197,18
111,198,12
111,199,19
112,113,8
112,114,7
112,115,8
112,116,12
112,117,1
112,118,7
112,119,9
112,120,17
112,121,7
112,122,3
112,123,17
112,124,14
112,125,1
112,126,3
112,127,7
112,128,20
112,129,3
112,130,4
112,131,13
112,132,18
112,133,19
112,134,5
112,135,18
112,136,7
112,137,12
112,138,20
112,139,2
112,140,1
112,141,14
112,142,16
112,143,3
112,144,4
112,145,13
112,146,11
112,147,18
112,148,18
112,149,14
112,150,15
112,151,18
112,152,15
112,153,9
112,154,5
112,155,20
112,156,20
112,157,9
112,158,6
112,159,17
112,160,2
112,161,20
112,162,13
112,163,11
112,164,14
112,165,4
112,166,17
112,167,4
112,168,13
112,169,17
112,170,3
112,171,6
112,172,9
112,173,11
112,174,15
112,175,13
112,176,15
112,177,7
112,178,17
112,179,4
112,180,7
112,181,4
112,182,2
112,183,19
112,184,19
112,185,10
112,186,13
112,187,6
112,188,3
112,189,6
112,190,17
112,191,12
112,192,17
112,193,9
112,194,18
112,195,18
112,196,15
112,197,14
112,198,1
112,199,16
113,114,20
113,115,4
113,116,3
113,117,12
113,118,5
113,119,14
113,120,2
113,121,5
113,122,1
113,123,1
113,124,7
113,125,13
113,126,7
113,127,11
113,128,18
113,129,17
113,130,5
113,131,3
113,132,7
113,133,12
113,134,4
113,135,11
113,136,9
113,137,9
113,138,7
113,139,16
113,140,11
113,141,4
113,142,2
113,143,4
113,144,19
113,145,19
113,146,4
113,147,18
113,148,9
113,149,19
113,150,2
113,151,7
113,152,13
113,153,8
113,154,2
113,155,10
113,156,3
113,157,13
113,158,1
113,159,1
113,160,14
113,161,10
113,162,3
113,163,10
113,164,9
113,165,15
113,166,12
113,167,7
113,168,14
113,169,11
113,170,14
113,171,9
113,172,15
113,173,16
113,174,11
113,175,18
113,176,13
113,177,2
113,178,6
113,179,14
113,180,10
113,181,10
113,182,6
113,183,17
113,184,1
113,185,4
113,186,8
113,187,16
113,188,8
113,189,2
113,190,12
113,191,1
113,192,3
113,193,6
113,194,14
113,195,13
113,196,15
113,197,3
113,198,12
113,199,11
114,115,11
114,116,2
114,117,6
114,118,1
114,119,16
114,120,12
114,121,6
114,122,6
114,123,11
114,124,3
114,125,20
114,126,16
114,127,6
114,128,17
114,129,12
114,130,5
114,131,14
114,132,19
114,133,3
114,134,10
114,135,4
114,136,1
114,137,4
114,138,1
114,139,9
114,140,2
114,141,8
114,142,3
114,143,19
114,144,16
114,145,5
114,146,5
114,147,6
114,148,5
114,149,1
114,150,13
114,151,17
114,152,18
114,153,9
114,154,18
114,155,1
114,156,5
114,157,10
114,158,9
114,159,1
114,160,10
114,161,1
114,162,18
114,163,1
114,164,6
114,165,18
114,166,15
114,167,9
114,168,5
114,169,17
114,170,18
114,171,16
114,172,15
114,173,10
114,174,5
114,175,4
114,176,20
114,177,7
114,178,3
114,179,18
114,180,13
114,181,6
114,182,1
114,183,2
114,184,8
114,185,5
114,186,10
114,187,10
114,188,3
114,189,1
114,190,12
114,191,19
114,192,14
114,193,3
114,194,1
114,195,20
114,196,1
114,197,8
114,198,5
114,199,5
115,116,4
115,117,15
115,118,17
115,119,20
115,120,12
115,121,9
115,122,18
115,123,15
115,124,1
115,125,7
115,126,9
115,127,16
115,128,4
115,129,3
115,130,2
115,131,11
115,132,10
115,133,17
115,134,14
115,135,18
115,136,8
115,137,10
115,138,9
115,139,4
115,140,6
115,141,6
115,142,3
115,143,18
115,144,20
115,145,6
115,146,16
115,147,1
115,148,13
115,149,10
115,150,8
115,151,13
115,152,5
115,153,15
115,154,17
115,155,9
115,156,1
115,157,15
115,158,15
115,159,8
115,160,20
115,161,10
115,162,1
115,163,1
115,164,13
115,165,19
115,166,20
115,167,16
115,168,17
115,169,17
115,170,11
115,171,10
115,172,20
115,173,5
115,174,4
115,175,3
115,176,4
115,177,14
115,178,1
115,179,5
115,180,2
115,181,8
115,182,18
115,183,14
115,184,16
115,185,10
115,186,4
115,187,5
115,188,1
115,189,18
115,190,13
115,191,2
115,192,8
115,193,14
115,194,6
115,195,12
115,196,10
115,197,16
115,198,17
115,199,5
116,117,10
116,118,12
116,119,16
116,120,2
116,121,4
116,122,13
116,123,6
116,124,8
116,125,12
116,126,18
116,127,19
116,128,8
116,129,11
116,130,12
116,131,19
116,132,12
116,133,19
116,134,16
116,135,11
116,136,19
116,137,20
116,138,14
116,139,5
116,140,7
116,141,2
116,142,7
116,143,7
116,144,15
116,145,14
116,146,18
116,147,6
116,148,11
116,149,8
116,150,7
116,151,15
116,152,12
116,153,9
116,154,18
116,155,5
116,156,6
116,157,13
116,158,11
116,159,17
116,160,5
116,161,4
116,162,20
116,163,1
116,164,14
116,165,3
116,166,13
116,167,10
116,168,12
116,169,6
116,170,8
116,171,4
116,172,1
116,173,9
116,174,19
116,175,2
116,176,8
116,177,2
116,178,3
116,179,11
116,180,2
116,181,20
116,182,12
116,183,20
116,184,11
116,185,6
116,186,20
116,187,18
116,188,7
116,189,8
116,190,12
116,191,2
116,192,16
116,193,15
116,194,14
116,195,2
116,196,19
116,197,20
116,198,17
116,199,4
117,118,9
117,119,16
117,120,19
117,121,1
117,122,12
117,123,13
117,124,14
117,125,12
117,126,20
117,127,4
117,128,10
117,129,16
117,130,4
117,131,7
117,132,4
117,133,16
117,134,5
117,135,15
117,136,8
117,137,19
117,138,15
117,139,9
117,140,18
117,141,17
117,142,14
117,143,16
117,144,9
117,145,16
117,146,17
117,147,7
117,148,12
117,149,6
117,150,10
117,151,16
117,152,7
117,153,17
117,154,15
117,155,17
117,156,10
117,157,15
117,158,19
117,159,3
117,160,18
117,161,8
117,162,7
117,163,19
117,164,8
117,165,18
117,166,13
117,167,8
117,168,2
117,169,20
117,170,6
117,171,14
117,172,5
117,173,3
117,174,9
117,175,15
117,176,5
117,177,18
117,178,3
117,179,20
117,180,19
117,181,20
117,182,4
117,183,19
117,184,6
117,185,5
117,186,3
117,187,20
117,188,14
117,189,20
117,190,2
117,191,14
117,192,3
117,193,16
117,194,17
117,195,2
117,196,8
117,197,20
117,198,18
117,199,20
118,119,11
118,120,16
118,121,7
118,122,10
118,123,3
118,124,15
118,125,1
118,126,17
118,127,8
118,128,17
118,129,2
118,130,20
118,131,17
118,132,20
118,133,15
118,134,14
118,135,17
118,136,2
118,137,2
118,138,13
118,139,12
118,140,7
118,141,6
118,142,4
118,143,4
118,144,3
118,145,3
118,146,4
118,147,18
118,148,10
118,149,7
118,150,1
118,151,4
118,152,3
118,153,6
118,154,7
118,155,20
118,156,5
118,157,5
118,158,2
118,159,9
118,160,3
118,161,12
118,162,18
118,163,1
118,164,6
118,165,15
118,166,14
118,167,14
118,168,8
118,169,10
118,170,2
118,171,1
118,172,17
118,173,9
118,174,16
118,175,15
118,176,4
118,177,14
118,178,16
118,179,18
118,180,7
118,181,17
118,182,11
118,183,18
118,184,11
118,185,14
118,186,2
118,187,17
118,188,14
118,189,13
118,190,9
118,191,9
118,192,4
118,193,20
118,194,11
118,195,6
118,196,16
118,197,14
118,198,20
118,199,15
119,120,8
119,121,5
119,122,6
119,123,9
119,124,10
119,125,13
119,126,9
119,127,4
119,128,2
119,129,9
119,130,17
119,131,11
119,132,6
119,133,19
119,134,8
119,135,16
119,136,6
119,137,8
119,138,9
119,139,6
119,140,4
119,141,9
119,142,20
119,143,4
119,144,6
119,145,11
119,146,3
119,147,6
119,148,13
119,149,8
119,150,4
119,151,20
119,152,13
119,153,7
119,154,3
119,155,10
119,156,20
119,157,9
119,158,12
119,159,13
119,160,12
119,161,3
119,162,11
119,163,9
119,164,16
119,165,9
119,166,4
119,167,10
119,168,13
119,169,11
119,170,6
119,171,20
119,172,11
119,173,12
119,174,17
119,175,19
119,176,17
119,177,11
119,178,13
119,179,17
119,180,14
119,181,13
119,182,18
119,183,17
119,184,9
119,185,8
119,186,13
119,187,14
119,188,7
119,189,19
119,190,19
119,191,14
119,192,12
119,193,4
119,194,5
119,195,4
119,196,11
119,197,4
119,198,6
119,199,11
120,121,1
120,122,3
120,123,12
120,124,8
120,125,2
120,126,8
120,127,5
120,128,9
120,129,15
120,130,2
120,131,9
120,132,7
120,133,13
120,134,14
120,135,9
120,136,2
120,137,16
120,138,4
120,139,16
120,140,14
120,141,13
120,142,14
120,143,6
120,144,10
120,145,11
120,146,20
120,147,1
120,148,14
120,149,15
120,150,3
120,151,18
120,152,17
120,153,17
120,154,20
120,155,4
120,156,3
120,157,16
120,158,4
120,159,17
120,160,7
120,161,9
120,162,3
120,163,15
120,164,9
120,165,1
120,166,19
120,167,17
120,168,5
120,169,3
120,170,17
120,171,8
120,172,5
120,173,19
120,174,3
120,175,14
120,176,7
120,177,14
120,178,13
120,179,13
120,180,10
120,181,5
120,182,4
120,183,16
120,184,19
120,185,11
120,186,17
120,187,11
120,188,20
120,189,17
120,190,16
120,191,15
120,192,17
120,193,13
120,194,20
120,195,10
120,196,10
120,197,4
120,198,7
120,199,17
121,122,6
121,123,4
121,124,16
121,125,4
121,126,13
121,127,12
121,128,2
121,129,1
121,130,20
121,131,18
121,132,10
121,133,16
121,134,14
121,135,4
121,136,17
121,137,1
121,138,9
121,139,18
121,140,3
121,141,1
121,142,11
121,143,11
121,144,14
121,145,2
121,146,1
121,147,11
121,148,12
121,149,2
121,150,19
121,151,17
121,152,19
121,153,4
121,154,19
121,155,11
121,156,1
121,157,1
121,158,19
121,159,20
121,160,11
121,161,3
121,162,4
121,163,18
121,164,3
121,165,20
121,166,14
121,167,9
121,168,18
121,169,2
121,170,3
121,171,2
121,172,1
121,173,10
121,174,12
121,175,18
121,176,2
121,177,20
121,178,16
121,179,8
121,180,1
121,181,19
121,182,2
121,183,18
121,184,1
121,185,3
121,186,6
121,187,8
121,188,5
121,189,19
121,190,12
121,191,20
121,192,12
121,193,6
121,194,8
121,195,11
121,196,2
121,197,3
121,198,17
121,199,1
122,123,17
122,124,10
122,125,4
122,126,2
122,127,4
122,128,13
122,129,2
122,130,11
122,131,14
122,132,14
122,133,15
122,134,2
122,135,14
122,136,11
122,137,8
122,138,14
122,139,7
122,140,7
122,141,2
122,142,17
122,143,9
122,144,12
122,145,10
122,146,5
122,147,16
122,148,2
122,149,11
122,150,6
122,151,20
122,152,8
122,153,4
122,154,18
122,155,11
122,156,9
122,157,14
122,158,12
122,159,1
122,160,17
122,161,7
122,162,9
122,163,6
122,164,5
122,165,11
122,166,10
122,167,8
122,168,15
122,169,13
122,170,18
122,171,2
122,172,15
122,173,19
122,174,19
122,175,16
122,176,12
122,177,5
122,178,11
122,179,3
122,180,19
122,181,19
122,182,18
122,183,2
122,184,17
122,185,20
122,186,4
122,187,20
122,188,2
122,189,4
122,190,7
122,191,3
122,192,19
122,193,2
122,194,10
122,195,19
122,196,4
122,197,2
122,198,14
122,199,2
123,124,2
123,125,6
123,126,17
123,127,14
123,128,1
123,129,18
123,130,10
123,131,10
123,132,15
123,133,10
123,134,8
123,135,17
123,136,18
123,137,15
123,138,16
123,139,4
123,140,9
123,141,5
123,142,7
123,143,20
123,144,6
123,145,3
123,146,20
123,147,11
123,148,4
123,149,19
123,150,2
123,151,3
123,152,14
123,153,12
123,154,17
123,155,2
123,156,14
123,157,5
123,158,5
123,159,20
123,160,15
123,161,11
123,162,15
123,163,20
123,164,2
123,165,5
123,166,15
123,167,3
123,168,1
123,169,2
123,170,9
123,171,9
123,172,14
123,173,2
123,174,4
123,175,7
123,176,2
123,177,18
123,178,18
123,179,6
123,180,17
123,181,8
123,182,16
123,183,11
123,184,10
123,185,10
123,186,13
123,187,18
123,188,8
123,189,20
123,190,9
123,191,8
123,192,9
123,193,9
123,194,5
123,195,6
123,196,2
123,197,4
123,198,19
123,199,20
124,125,1
124,126,14
124,127,14
124,128,14
124,129,17
124,130,12
124,131,2
124,132,1
124,133,4
124,134,10
124,135,19
124,136,1
124,137,9
124,138,11
124,139,4
124,140,5
124,141,8
124,142,4
124,143,4
124,144,3
124,145,5
124,146,16
124,147,3
124,148,1
124,149,17
124,150,5
124,151,13
124,152,8
124,153,14
124,154,7
124,155,5
124,156,14
124,157,20
124,158,17
124,159,20
124,160,20
124,161,8
124,162,16
124,163,5
124,164,5
124,165,16
124,166,11
124,167,8
124,168,5
124,169,15
124,170,17
124,171,16
124,172,20
124,173,15
124,174,12
124,175,9
124,176,2
124,177,5
124,178,17
124,179,17
124,180,16
124,181,5
124,182,12
124,183,14
124,184,4
124,185,4
124,186,11
124,187,9
124,188,14
124,189,4
124,190,16
124,191,17
124,192,19
124,193,5
124,194,8
124,195,1
124,196,1
124,197,8
124,198,1
124,199,9
125,126,15
125,127,18
125,128,16
125,129,18
125,130,18
125,131,11
125,132,14
125,133,16
125,134,1
125,135,11
125,136,3
125,137,4
125,138,5
125,139,14
125,140,7
125,141,4
125,142,1
125,143,8
125,144,11
125,145,2
125,146,15
125,147,19
125,148,2
125,149,18
125,150,13
125,151,16
125,152,9
125,153,5
125,154,5
125,155,4
125,156,10
125,157,17
125,158,18
125,159,4
125,160,18
125,161,20
125,162,15
125,163,5
125,164,9
125,165,3
125,166,5
125,167,1
125,168,4
125,169,13
125,170,3
125,171,13
125,172,6
125,173,14
125,174,20
125,175,4
125,176,17
125,177,2
125,178,12
125,179,20
125,180,11
125,181,6
125,182,7
125,183,20
125,184,9
125,185,14
125,186,5
125,187,16
125,188,13
125,189,3
125,190,17
125,191,8
125,192,11
125,193,15
125,194,12
125,195,8
125,196,15
125,197,5
125,198,14
125,199,9
126,127,5
126,128,7
126,129,9
126,130,17
126,131,6
126,132,7
126,133,18
126,134,13
126,135,9
126,136,8
126,137,9
126,138,19
126,139,19
126,140,2
126,141,13
126,142,7
126,143,14
126,144,16
126,145,15
126,146,19
126,147,16
126,148,16
126,149,6
126,150,7
126,151,18
126,152,3
126,153,5
126,154,17
126,155,17
126,156,2
126,157,13
126,158,18
126,159,15
126,160,11
126,161,12
126,162,9
126,163,1
126,164,6
126,165,11
126,166,18
126,167,3
126,168,13
126,169,5
126,170,15
126,171,15
126,172,3
126,173,2
126,174,2
126,175,2
126,176,11
126,177,17
126,178,12
126,179,14
126,180,18
126,181,10
126,182,18
126,183,6
126,184,7
126,185,13
126,186,17
126,187,18
126,188,20
126,189,16
126,190,6
126,191,17
126,192,9
126,193,18
126,194,4
126,195,15
126,196,17
126,197,14
126,198,1
126,199,2
127,128,1
127,129,13
127,130,7
127,131,20
127,132,8
127,133,5
127,134,9
127,135,11
127,136,13
127,137,17
127,138,13
127,139,7
127,140,5
127,141,18
127,142,14
127,143,17
127,144,1
127,145,11
127,146,3
127,147,19
127,148,5
127,149,18
127,150,15
127,151,14
127,152,3
127,153,4
127,154,1
127,155,9
127,156,6
127,157,20
127,158,2
127,159,8
127,160,3
127,161,5
127,162,14
127,163,3
127,164,13
127,165,18
127,166,7
127,167,9
127,168,7
127,169,10
127,170,11
127,171,1
127,172,17
127,173,20
127,174,7
127,175,5
127,176,3
127,177,1
127,178,5
127,179,7
127,180,15
127,181,18
127,182,9
127,183,5
127,184,15
127,185,2
127,186,14
127,187,15
127,188,13
127,189,15
127,190,17
127,191,4
127,192,8
127,193,17
127,194,18
127,195,19
127,196,11
127,197,8
127,198,9
127,199,16
128,129,1
128,130,5
128,131,19
128,132,13
128,133,6
128,134,2
128,135,6
128,136,13
128,137,17
128,138,13
128,139,2
128,140,17
128,141,8
128,142,16
128,143,12
128,144,15
128,145,3
128,146,1
128,147,4
128,148,7
128,149,2
128,150,1
128,151,15
128,152,12
128,153,5
128,154,11
128,155,3
128,156,3
128,157,2
128,158,18
128,159,17
128,160,18
128,161,13
128,162,13
128,163,16
128,164,1
128,165,5
128,166,19
128,167,10
128,168,12
128,169,11
128,170,9
128,171,11
128,172,7
128,173,17
128,174,17
128,175,6
128,176,16
128,177,15
128,178,18
128,179,7
128,180,13
128,181,3
128,182,5
128,183,6
128,184,9
128,185,4
128,186,19
128,187,6
128,188,18
128,189,7
128,190,13
128,191,13
128,192,1
128,193,12
128,194,16
128,195,6
128,196,12
128,197,7
128,198,13
128,199,1
129,130,15
129,131,3
129,132,3
129,133,5
129,134,3
129,135,18
129,136,9
129,137,15
129,138,5
129,139,20
129,140,15
129,141,20
129,142,2
129,143,20
129,144,16
129,145,4
129,146,16
129,147,11
129,148,5
129,149,6
129,150,10
129,151,4
129,152,9
129,153,15
129,154,7
129,155,3
129,156,16
129,157,13
129,158,10
129,159,7
129,160,15
129,161,11
129,162,15
129,163,7
129,164,9
129,165,17
129,166,17
129,167,9
129,168,17
129,169,10
129,170,5
129,171,2
129,172,4
129,173,9
129,174,19
129,175,7
129,176,2
129,177,17
129,178,9
129,179,10
129,180,9
129,181,3
129,182,12
129,183,16
129,184,8
129,185,9
129,186,20
129,187,6
129,188,20
129,189,9
129,190,2
129,191,8
129,192,10
129,193,7
129,194,16
129,195,18
129,196,19
129,197,16
129,198,14
129,199,1
130,131,3
130,132,18
130,133,9
130,134,8
130,135,2
130,136,16
130,137,15
130,138,14
130,139,2
130,140,9
130,141,12
130,142,6
130,143,4
130,144,16
130,145,6
130,146,2
130,147,10
130,148,14
130,149,11
130,150,12
130,151,10
130,152,4
130,153,14
130,154,18
130,155,6
130,156,14
130,157,2
130,158,10
130,159,9
130,160,13
130,161,10
130,162,8
130,163,13
130,164,8
130,165,18
130,166,15
130,167,7
130,168,9
130,169,20
130,170,1
130,171,19
130,172,17
130,173,6
130,174,18
130,175,1
130,176,9
130,177,7
130,178,3
130,179,14
130,180,6
130,181,2
130,182,14
130,183,9
130,184,2
130,185,6
130,186,19
130,187,3
130,188,6
130,189,17
130,190,2
130,191,4
130,192,15
130,193,20
130,194,7
130,195,18
130,196,9
130,197,4
130,198,13
130,199,20
131,132,5
131,133,8
131,134,10
131,135,9
131,136,8
131,137,6
131,138,7
131,139,5
131,140,3
131,141,19
131,142,9
131,143,3
131,144,10
131,145,1
131,146,7
131,147,7
131,148,18
131,149,14
131,150,3
131,151,18
131,152,3
131,153,10
131,154,11
131,155,18
131,156,4
131,157,18
131,158,9
131,159,9
131,160,4
131,161,3
131,162,1
131,163,7
131,164,5
131,165,20
131,166,13
131,167,4
131,168,12
131,169,15
131,170,20
131,171,3
131,172,13
131,173,15
131,174,7
131,175,14
131,176,15
131,177,13
131,178,10
131,179,20
131,180,5
131,181,8
131,182,17
131,183,14
131,184,18
131,185,1
131,186,10
131,187,20
131,188,2
131,189,9
131,190,20
131,191,10
131,192,2
131,193,14
131,194,13
131,195,10
131,196,7
131,197,5
131,198,16
131,199,6
132,133,15
132,134,9
132,135,12
132,136,11
132,137,13
132,138,17
132,139,2
132,140,7
132,141,16
132,142,10
132,143,2
132,144,10
132,145,11
132,146,3
132,147,14
132,148,12
132,149,9
132,150,18
132,151,19
132,152,8
132,153,16
132,154,8
132,155,6
132,156,5
132,157,19
132,158,11
132,159,15
132,160,8
132,161,13
132,162,4
132,163,6
132,164,11
132,165,19
132,166,1
132,167,1
132,168,9
132,169,2
132,170,12
132,171,20
132,172,12
132,173,3
132,174,20
132,175,18
132,176,15
132,177,13
132,178,9
132,179,4
132,180,7
132,181,16
132,182,13
132,183,15
132,184,15
132,185,20
132,186,16
132,187,17
132,188,2
132,189,7
132,190,8
132,191,2
132,192,9
132,193,18
132,194,15
132,195,17
132,196,9
132,197,16
132,198,17
132,199,8
133,134,4
133,135,14
133,136,1
133,137,8
133,138,5
133,139,19
133,140,20
133,141,14
133,142,17
133,143,19
133,144,19
133,145,7
133,146,11
133,147,10
133,148,8
133,149,11
133,150,9
133,151,13
133,152,17
133,153,7
133,154,12
133,155,6
133,156,17
133,157,18
133,158,13
133,159,8
133,160,1
133,161,19
133,162,7
133,163,10
133,164,19
133,165,10
133,166,8
133,167,9
133,168,19
133,169,17
133,170,13
133,171,7
133,172,10
133,173,14
133,174,5
133,175,3
133,176,4
133,177,6
133,178,6
133,179,1
133,180,8
133,181,8
133,182,9
133,183,3
133,184,15
133,185,16
133,186,8
133,187,19
133,188,6
133,189,18
133,190,2
133,191,13
133,192,6
133,193,17
133,194,12
133,195,4
133,196,4
133,197,16
133,198,11
133,199,18
134,135,1
134,136,17
134,137,18
134,138,20
134,139,9
134,140,4
134,141,14
134,142,7
134,143,14
134,144,16
134,145,4
134,146,3
134,147,6
134,148,17
134,149,7
134,150,6
134,151,7
134,152,2
134,153,16
134,154,13
134,155,13
134,156,7
134,157,20
134,158,10
134,159,6
134,160,15
134,161,10
134,162,6
134,163,5
134,164,10
134,165,3
134,166,10
134,167,9
134,168,13
134,169,9
134,170,11
134,171,12
134,172,12
134,173,7
134,174,20
134,175,18
134,176,4
134,177,8
134,178,6
134,179,6
134,180,13
134,181,10
134,182,12
134,183,15
134,184,5
134,185,7
134,186,18
134,187,17
134,188,12
134,189,11
134,190,4
134,191,7
134,192,17
134,193,12
134,194,7
134,195,4
134,196,2
134,197,17
134,198,11
134,199,6
135,136,19
135,137,4
135,138,10
135,139,2
135,140,14
135,141,5
135,142,1
135,143,12
135,144,11
135,145,18
135,146,6
135,147,12
135,148,15
135,149,2
135,150,16
135,151,6
135,152,19
135,153,13
135,154,18
135,155,9
135,156,6
135,157,19
135,158,9
135,159,8
135,160,13
135,161,2
135,162,2
135,163,11
135,164,11
135,165,2
135,166,7
135,167,11
135,168,12
135,169,13
135,170,10
135,171,4
135,172,16
135,173,6
135,174,10
135,175,5
135,176,17
135,177,8
135,178,20
135,179,10
135,180,7
135,181,1
135,182,8
135,183,7
135,184,9
135,185,10
135,186,17
135,187,11
135,188,13
135,189,16
135,190,7
135,191,20
135,192,8
135,193,14
135,194,10
135,195,3
135,196,15
135,197,10
135,198,12
135,199,5
136,137,9
136,138,9
136,139,20
136,140,8
136,141,8
136,142,10
136,143,18
136,144,2
136,145,13
136,146,19
136,147,3
136,148,11
136,149,1
136,150,5
136,151,10
136,152,12
136,153,10
136,154,7
136,155,4
136,156,5
136,157,3
136,158,11
136,159,7
136,160,3
136,161,11
136,162,7
136,163,7
136,164,20
136,165,17
136,166,16
136,167,19
136,168,18
136,169,16
136,170,16
136,171,17
136,172,17
136,173,2
136,174,17
136,175,10
136,176,17
136,177,1
136,178,11
136,179,18
136,180,15
136,181,2
136,182,13
136,183,12
136,184,16
136,185,16
136,186,11
136,187,6
136,188,16
136,189,8
136,190,14
136,191,16
136,192,12
136,193,14
136,194,18
136,195,6
136,196,11
136,197,19
136,198,9
136,199,17
137,138,7
137,139,16
137,140,7
137,141,2
137,142,16
137,143,16
137,144,1
137,145,20
137,146,19
137,147,11
137,148,10
137,149,6
137,150,5
137,151,18
137,152,10
137,153,19
137,154,15
137,155,11
137,156,14
137,157,17
137,158,10
137,159,3
137,160,16
137,161,10
137,162,9
137,163,18
137,164,17
137,165,4
137,166,18
137,167,13
137,168,2
137,169,11
137,170,4
137,171,13
137,172,19
137,173,20
137,174,7
137,175,16
137,176,2
137,177,18
137,178,12
137,179,4
137,180,17
137,181,14
137,182,9
137,183,15
137,184,16
137,185,19
137,186,12
137,187,15
137,188,17
137,189,1
137,190,20
137,191,12
137,192,16
137,193,16
137,194,18
137,195,4
137,196,20
137,197,16
137,198,19
137,199,20
138,139,14
138,140,5
138,141,2
138,142,18
138,143,9
138,144,1
138,145,11
138,146,10
138,147,12
138,148,4
138,149,13
138,150,9
138,151,19
138,152,15
138,153,9
138,154,16
138,155,13
138,156,16
138,157,1
138,158,17
138,159,19
138,160,12
138,161,18
138,162,3
138,163,8
138,164,1
138,165,7
138,166,6
138,167,17
138,168,20
138,169,10
138,170,12
138,171,7
138,172,17
138,173,3
138,174,4
138,175,18
138,176,2
138,177,5
138,178,1
138,179,13
138,180,9
138,181,2
138,182,2
138,183,9
138,184,18
138,185,4
138,186,15
138,187,4
138,188,11
138,189,2
138,190,15
138,191,6
138,192,18
138,193,7
138,194,16
138,195,7
138,196,3
138,197,4
138,198,1
138,199,10
139,140,9
139,141,18
139,142,11
139,143,7
139,144,3
139,145,4
139,146,16
139,147,2
139,148,15
139,149,17
139,150,7
139,151,2
139,152,4
139,153,13
139,154,9
139,155,2
139,156,9
139,157,12
139,158,13
139,159,4
139,160,20
139,161,7
139,162,2
139,163,12
139,164,13
139,165,13
139,166,14
139,167,15
139,168,18
139,169,14
139,170,11
139,171,1
139,172,1
139,173,6
139,174,1
139,175,17
139,176,19
139,177,15
139,178,5
139,179,6
139,180,20
139,181,2
139,182,12
139,183,11
139,184,19
139,185,6
139,186,6
139,187,6
139,188,18
139,189,8
139,190,17
139,191,13
139,192,10
139,193,18
139,194,6
139,195,8
139,196,14
139,197,18
139,198,8
139,199,4
140,141,15
140,142,6
140,143,13
140,144,6
140,145,7
140,146,5
140,147,14
140,148,18
140,149,18
140,150,8
140,151,3
140,152,6
140,153,12
140,154,18
140,155,1
140,156,17
140,157,17
140,158,2
140,159,8
140,160,18
140,161,16
140,162,20
140,163,14
140,164,11
140,165,3
140,166,16
140,167,20
140,168,17
140,169,19
140,170,3
140,171,2
140,172,19
140,173,19
140,174,14
140,175,10
140,176,15
140,177,6
140,178,15
140,179,3
140,180,12
140,181,16
140,182,17
140,183,17
140,184,14
140,185,9
140,186,2
140,187,9
140,188,6
140,189,2
140,190,11
140,191,9
140,192,9
140,193,11
140,194,6
140,195,8
140,196,20
140,197,4
140,198,6
140,199,18
141,142,18
141,143,11
141,144,10
141,145,15
141,146,19
141,147,15
141,148,9
141,149,7
141,150,4
141,151,12
141,152,12
141,153,10
141,154,10
141,155,9
141,156,6
141,157,11
141,158,14
141,159,5
141,160,20
141,161,3
141,162,16
141,163,6
141,164,8
141,165,11
141,166,7
141,167,17
141,168,6
141,169,16
141,170,13
141,171,10
141,172,20
141,173,2
141,174,19
141,175,20
141,176,6
141,177,13
141,178,9
141,179,9
141,180,20
141,181,19
141,182,8
141,183,2
141,184,20
141,185,17
141,186,16
141,187,9
141,188,10
141,189,17
141,190,2
141,191,7
141,192,10
141,193,1
141,194,20
141,195,9
141,196,20
141,197,9
141,198,19
141,199,20
142,143,10
142,144,10
142,145,10
142,146,15
142,147,1
142,148,15
142,149,2
142,150,14
142,151,3
142,152,19
142,153,4
142,154,4
142,155,2
142,156,10
142,157,2
142,158,11
142,159,15
142,160,8
142,161,1
142,162,7
142,163,17
142,164,1
142,165,15
142,166,16
142,167,14
142,168,15
142,169,2
142,170,13
142,171,6
142,172,15
142,173,5
142,174,9
142,175,8
142,176,15
142,177,20
142,178,16
142,179,13
142,180,15
142,181,5
142,182,17
142,183,5
142,184,12
142,185,17
142,186,1
142,187,18
142,188,19
142,189,7
142,190,12
142,191,16
142,192,13
142,193,15
142,194,15
142,195,20
142,196,14
142,197,10
142,198,12
142,199,8
143,144,10
143,145,11
143,146,16
143,147,6
143,148,7
143,149,14
143,150,3
143,151,9
143,152,16
143,153,3
143,154,7
143,155,14
143,156,8
143,157,20
143,158,20
143,159,17
143,160,7
143,161,13
143,162,12
143,163,13
143,164,10
143,165,1
143,166,3
143,167,8
143,168,12
143,169,7
143,170,8
143,171,19
143,172,5
143,173,8
143,174,13
143,175,15
143,176,10
143,177,9
143,178,5
143,179,12
143,180,12
143,181,13
143,182,2
143,183,9
143,184,6
143,185,7
143,186,17
143,187,12
143,188,6
143,189,18
143,190,7
143,191,10
143,192,7
143,193,18
143,194,6
143,195,15
143,196,13
143,197,20
143,198,1
143,199,11
144,145,6
144,146,6
144,147,4
144,148,11
144,149,3
144,150,19
144,151,1
144,152,20
144,153,20
144,154,11
144,155,3
144,156,16
144,157,3
144,158,19
144,159,9
144,160,6
144,161,20
144,162,12
144,163,5
144,164,4
144,165,9
144,166,11
144,167,4
144,168,9
144,169,5
144,170,11
144,171,8
144,172,1
144,173,12
144,174,8
144,175,18
144,176,12
144,177,16
144,178,15
144,179,15
144,180,5
144,181,3
144,182,12
144,183,11
144,184,16
144,185,2
144,186,5
144,187,17
144,188,2
144,189,8
144,190,12
144,191,11
144,192,6
144,193,5
144,194,20
144,195,9
144,196,12
144,197,3
144,198,6
144,199,13
145,146,17
145,147,10
145,148,2
145,149,14
145,150,20
145,151,4
145,152,14
145,153,6
145,154,10
145,155,9
145,156,15
145,157,13
145,158,18
145,159,10
145,160,14
145,161,11
145,162,4
145,163,5
145,164,15
145,165,19
145,166,4
145,167,13
145,168,9
145,169,18
145,170,15
145,171,15
145,172,20
145,173,7
145,174,4
145,175,7
145,176,13
145,177,5
145,178,12
145,179,10
145,180,11
145,181,12
145,182,13
145,183,10
145,184,16
145,185,13
145,186,19
145,187,3
145,188,3
145,189,3
145,190,5
145,191,8
145,192,14
145,193,15
145,194,4
145,195,16
145,196,2
145,197,11
145,198,17
145,199,11
146,147,20
146,148,16
146,149,9
146,150,10
146,151,11
146,152,7
146,153,3
146,154,12
146,155,7
146,156,14
146,157,12
146,158,4
146,159,11
146,160,6
146,161,4
146,162,11
146,163,2
146,164,9
146,165,1
146,166,9
146,167,10
146,168,6
146,169,2
146,170,14
146,171,1
146,172,2
146,173,1
146,174,19
146,175,5
146,176,20
146,177,5
146,178,3
146,179,4
146,180,11
146,181,6
146,182,2
146,183,3
146,184,11
146,185,8
146,186,14
146,187,12
146,188,17
146,189,3
146,190,1
146,191,10
146,192,2
146,193,15
146,194,17
146,195,3
146,196,13
146,197,11
146,198,12
146,199,9
147,148,7
147,149,10
147,150,14
147,151,9
147,152,11
147,153,15
147,154,15
147,155,14
147,156,7
147,157,12
147,158,1
147,159,11
147,160,6
147,161,9
147,162,9
147,163,4
147,164,6
147,165,5
147,166,7
147,167,20
147,168,1
147,169,11
147,170,6
147,171,16
147,172,6
147,173,3
147,174,8
147,175,10
147,176,19
147,177,3
147,178,16
147,179,12
147,180,20
147,181,9
147,182,9
147,183,17
147,184,9
147,185,4
147,186,15
147,187,16
147,188,10
147,189,12
147,190,8
147,191,9
147,192,20
147,193,7
147,194,3
147,195,8
147,196,19
147,197,16
147,198,4
147,199,7
148,149,13
148,150,7
148,151,13
148,152,16
148,153,5
148,154,4
148,155,8
148,156,1
148,157,19
148,158,14
148,159,20
148,160,6
148,161,7
148,162,16
148,163,2
148,164,12
148,165,3
148,166,11
148,167,11
148,168,19
148,169,3
148,170,16
148,171,15
148,172,18
148,173,12
148,174,17
148,175,18
148,176,3
148,177,11
148,178,20
148,179,5
148,180,20
148,181,2
148,182,14
148,183,9
148,184,5
148,185,1
148,186,3
148,187,18
148,188,13
148,189,6
148,190,1
148,191,20
148,192,9
148,193,7
148,194,9
148,195,4
148,196,14
148,197,7
148,198,6
148,199,18
149,150,17
149,151,14
149,152,12
149,153,10
149,154,1
149,155,6
149,156,13
149,157,7
149,158,15
149,159,8
149,160,18
149,161,5
149,162,16
149,163,4
149,164,19
149,165,12
149,166,4
149,167,16
149,168,5
149,169,5
149,170,9
149,171,16
149,172,20
149,173,16
149,174,2
149,175,7
149,176,12
149,177,1
149,178,18
149,179,14
149,180,19
149,181,8
149,182,1
149,183,4
149,184,11
149,185,2
149,186,14
149,187,8
149,188,8
149,189,1
149,190,5
149,191,17
149,192,7
149,193,13
149,194,19
149,195,18
149,196,10
149,197,10
149,198,10
149,199,8
150,151,16
150,152,16
150,153,7
150,154,17
150,155,4
150,156,19
150,157,11
150,158,15
150,159,10
150,160,5
150,161,1
150,162,11
150,163,20
150,164,2
150,165,15
150,166,20
150,167,15
150,168,5
150,169,9
150,170,6
150,171,10
150,172,12
150,173,13
150,174,9
150,175,6
150,176,13
150,177,10
150,178,16
150,179,4
150,180,1
150,181,2
150,182,9
150,183,1
150,184,16
150,185,8
150,186,12
150,187,5
150,188,17
150,189,19
150,190,17
150,191,18
150,192,19
150,193,20
150,194,14
150,195,5
150,196,2
150,197,15
150,198,14
150,199,16
151,152,8
151,153,19
151,154,2
151,155,2
151,156,19
151,157,16
151,158,4
151,159,2
151,160,20
151,161,14
151,162,18
151,163,8
151,164,20
151,165,14
151,166,16
151,167,5
151,168,15
151,169,11
151,170,9
151,171,1
151,172,1
151,173,3
151,174,4
151,175,7
151,176,1
151,177,16
151,178,18
151,179,17
151,180,6
151,181,20
151,182,17
151,183,20
151,184,11
151,185,15
151,186,19
151,187,13
151,188,19
151,189,17
151,190,6
151,191,5
151,192,16
151,193,12
151,194,17
151,195,6
151,196,19
151,197,19
151,198,18
151,199,4
152,153,15
152,154,15
152,155,15
152,156,19
152,157,20
152,158,20
152,159,14
152,160,7
152,161,16
152,162,8
152,163,10
152,164,6
152,165,1
152,166,11
152,167,14
152,168,13
152,169,16
152,170,9
152,171,4
152,172,11
152,173,3
152,174,15
152,175,1
152,176,15
152,177,18
152,178,11
152,179,18
152,180,2
152,181,15
152,182,5
152,183,3
152,184,5
152,185,16
152,186,3
152,187,12
152,188,14
152,189,3
152,190,9
152,191,1
152,192,10
152,193,13
152,194,6
152,195,15
152,196,16
152,197,18
152,198,1
152,199,12
153,154,2
153,155,6
153,156,10
153,157,15
153,158,7
153,159,3
153,160,2
153,161,6
153,162,16
153,163,2
153,164,5
153,165,14
153,166,18
153,167,18
153,168,1
153,169,4
153,170,5
153,171,7
153,172,15
153,173,16
153,174,14
153,175,14
153,176,6
153,177,15
153,178,6
153,179,3
153,180,2
153,181,20
153,182,2
153,183,17
153,184,2
153,185,6
153,186,11
153,187,6
153,188,12
153,189,7
153,190,3
153,191,19
153,192,12
153,193,11
153,194,16
153,195,3
153,196,11
153,197,13
153,198,18
153,199,15
154,155,4
154,156,12
154,157,6
154,158,20
154,159,12
154,160,14
154,161,5
154,162,3
154,163,7
154,164,10
154,165,11
154,166,7
154,167,8
154,168,1
154,169,1
154,170,4
154,171,8
154,172,1
154,173,4
154,174,4
154,175,8
154,176,7
154,177,1
154,178,7
154,179,19
154,180,19
154,181,14
154,182,8
154,183,17
154,184,14
154,185,18
154,186,3
154,187,8
154,188,11
154,189,3
154,190,4
154,191,14
154,192,8
154,193,7
154,194,7
154,195,15
154,196,20
154,197,3
154,198,13
154,199,9
155,156,16
155,157,16
155,158,11
155,159,15
155,160,13
155,161,4
155,162,13
155,163,20
155,164,18
155,165,15
155,166,7
155,167,20
155,168,12
155,169,10
155,170,10
155,171,10
155,172,14
155,173,16
155,174,9
155,175,10
155,176,5
155,177,10
155,178,1
155,179,16
155,180,18
155,181,8
155,182,20
155,183,12
155,184,9
155,185,20
155,186,7
155,187,10
155,188,13
155,189,13
155,190,10
155,191,11
155,192,5
155,193,1
155,194,4
155,195,20
155,196,2
155,197,11
155,198,8
155,199,18
156,157,19
156,158,17
156,159,16
156,160,15
156,161,5
156,162,17
156,163,16
156,164,15
156,165,2
156,166,15
156,167,10
156,168,2
156,169,13
156,170,17
156,171,4
156,172,15
156,173,16
156,174,16
156,175,2
156,176,1
156,177,18
156,178,9
156,179,8
156,180,4
156,181,7
156,182,17
156,183,7
156,184,2
156,185,16
156,186,12
156,187,18
156,188,18
156,189,19
156,190,1
156,191,7
156,192,13
156,193,17
156,194,9
156,195,12
156,196,7
156,197,10
156,198,17
156,199,11
157,158,5
157,159,6
157,160,14
157,161,20
157,162,9
157,163,1
157,164,9
157,165,17
157,166,1
157,167,1
157,168,17
157,169,6
157,170,1
157,171,18
157,172,12
157,173,17
157,174,1
157,175,9
157,176,7
157,177,12
157,178,20
157,179,19
157,180,7
157,181,18
157,182,2
157,183,17
157,184,9
157,185,5
157,186,5
157,187,16
157,188,9
157,189,2
157,190,15
157,191,15
157,192,5
157,193,1
157,194,2
157,195,1
157,196,6
157,197,9
157,198,7
157,199,2
158,159,4
158,160,13
158,161,1
158,162,8
158,163,19
158,164,7
158,165,1
158,166,11
158,167,8
158,168,19
158,169,14
158,170,17
158,171,2
158,172,6
158,173,5
158,174,9
158,175,2
158,176,14
158,177,4
158,178,3
158,179,11
158,180,4
158,181,17
158,182,13
158,183,10
158,184,11
158,185,14
158,186,20
158,187,12
158,188,19
158,189,10
158,190,16
158,191,12
158,192,5
158,193,12
158,194,1
158,195,10
158,196,3
158,197,11
158,198,2
158,199,8
159,160,14
159,161,10
159,162,7
159,163,8
159,164,1
159,165,20
159,166,6
159,167,20
159,168,2
159,169,6
159,170,15
159,171,20
159,172,15
159,173,15
159,174,10
159,175,14
159,176,20
159,177,3
159,178,10
159,179,15
159,180,9
159,181,19
159,182,19
159,183,5
159,184,13
159,185,15
159,186,12
159,187,11
159,188,19
159,189,16
159,190,14
159,191,1
159,192,16
159,193,19
159,194,11
159,195,18
159,196,12
159,197,1
159,198,12
159,199,2
160,161,13
160,162,2
160,163,11
160,164,14
160,165,15
160,166,4
160,167,11
160,168,14
160,169,12
160,170,11
160,171,8
160,172,8
160,173,15
160,174,4
160,175,10
160,176,10
160,177,5
160,178,8
160,179,13
160,180,18
160,181,18
160,182,3
160,183,15
160,184,20
160,185,18
160,186,13
160,187,6
160,188,4
160,189,5
160,190,18
160,191,3
160,192,8
160,193,7
160,194,12
160,195,12
160,196,14
160,197,6
160,198,13
160,199,20
161,162,3
161,163,20
161,164,4
161,165,6
161,166,2
161,167,8
161,168,13
161,169,2
161,170,1
161,171,9
161,172,16
161,173,3
161,174,12
161,175,1
161,176,20
161,177,20
161,178,13
161,179,3
161,180,1
161,181,9
161,182,18
161,183,8
161,184,10
161,185,3
161,186,17
161,187,18
161,188,12
161,189,15
161,190,8
161,191,15
161,192,10
161,193,16
161,194,16
161,195,6
161,196,17
161,197,3
161,198,1
161,199,8
162,163,10
162,164,15
162,165,17
162,166,2
162,167,17
162,168,2
162,169,16
162,170,14
162,171,5
162,172,3
162,173,6
162,174,10
162,175,2
162,176,1
162,177,6
162,178,15
162,179,19
162,180,15
162,181,11
162,182,8
162,183,3
162,184,5
162,185,16
162,186,1
162,187,11
162,188,5
162,189,4
162,190,17
162,191,6
162,192,4
162,193,20
162,194,13
162,195,19
162,196,12
162,197,6
162,198,2
162,199,18
163,164,1
163,165,4
163,166,10
163,167,13
163,168,16
163,169,4
163,170,4
163,171,5
163,172,18
163,173,19
163,174,13
163,175,13
163,176,17
163,177,1
163,178,11
163,179,9
163,180,6
163,181,13
163,182,9
163,183,11
163,184,18
163,185,16
163,186,9
163,187,5
163,188,18
163,189,20
163,190,5
163,191,16
163,192,5
163,193,11
163,194,17
163,195,6
163,196,14
163,197,12
163,198,14
163,199,15
164,165,18
164,166,20
164,167,17
164,168,12
164,169,13
164,170,4
164,171,3
164,172,17
164,173,2
164,174,11
164,175,6
164,176,17
164,177,5
164,178,3
164,179,10
164,180,13
164,181,13
164,182,15
164,183,15
164,184,20
164,185,1
164,186,12
164,187,14
164,188,8
164,189,15
164,190,20
164,191,10
164,192,9
164,193,20
164,194,17
164,195,8
164,196,1
164,197,10
164,198,1
164,199,9
165,166,14
165,167,15
165,168,16
165,169,20
165,170,11
165,171,14
165,172,7
165,173,3
165,174,14
165,175,6
165,176,8
165,177,3
165,178,9
165,179,7
165,180,20
165,181,19
165,182,5
165,183,16
165,184,7
165,185,3
165,186,2
165,187,10
165,188,2
165,189,12
165,190,16
165,191,1
165,192,6
165,193,9
165,194,2
165,195,16
165,196,14
165,197,6
165,198,18
165,199,9
166,167,6
166,168,16
166,169,15
166,170,10
166,171,3
166,172,20
166,173,14
166,174,7
166,175,11
166,176,11
166,177,16
166,178,10
166,179,6
166,180,16
166,181,11
166,182,8
166,183,17
166,184,19
166,185,15
166,186,10
166,187,12
166,188,7
166,189,5
166,190,13
166,191,17
166,192,14
166,193,8
166,194,12
166,195,6
166,196,6
166,197,3
166,198,1
166,199,15
167,168,1
167,169,12
167,170,11
167,171,5
167,172,12
167,173,10
167,174,10
167,175,10
167,176,13
167,177,5
167,178,16
167,179,5
167,180,17
167,181,4
167,182,1
167,183,9
167,184,8
167,185,20
167,186,12
167,187,16
167,188,13
167,189,14
167,190,19
167,191,7
167,192,5
167,193,12
167,194,15
167,195,9
167,196,3
167,197,11
167,198,20
167,199,18
168,169,6
168,170,7
168,171,11
168,172,15
168,173,9
168,174,17
168,175,5
168,176,20
168,177,15
168,178,17
168,179,11
168,180,16
168,181,12
168,182,9
168,183,14
168,184,11
168,185,1
168,186,1
168,187,20
168,188,13
168,189,7
168,190,20
168,191,4
168,192,13
168,193,10
168,194,10
168,195,13
168,196,13
168,197,3
168,198,1
168,199,12
169,170,20
169,171,12
169,172,4
169,173,4
169,174,11
169,175,7
169,176,9
169,177,17
169,178,5
169,179,17
169,180,14
169,181,20
169,182,19
169,183,19
169,184,13
169,185,13
169,186,20
169,187,20
169,188,4
169,189,15
169,190,10
169,191,20
169,192,18
169,193,15
169,194,16
169,195,2
169,196,19
169,197,20
169,198,5
169,199,12
170,171,1
170,172,20
170,173,20
170,174,6
170,175,17
170,176,10
170,177,16
170,178,1
170,179,20
170,180,6
170,181,18
170,182,16
170,183,11
170,184,18
170,185,20
170,186,2
170,187,3
170,188,7
170,189,13
170,190,11
170,191,17
170,192,17
170,193,4
170,194,2
170,195,16
170,196,4
170,197,5
170,198,6
170,199,12
171,172,16
171,173,18
171,174,12
171,175,15
171,176,8
171,177,3
171,178,13
171,179,19
171,180,15
171,181,9
171,182,1
171,183,3
171,184,18
171,185,4
171,186,6
171,187,12
171,188,19
171,189,12
171,190,20
171,191,7
171,192,3
171,193,8
171,194,4
171,195,20
171,196,12
171,197,2
171,198,13
171,199,14
172,173,19
172,174,1
172,175,4
172,176,8
172,177,19
172,178,17
172,179,15
172,180,16
172,181,13
172,182,13
172,183,12
172,184,14
172,185,12
172,186,17
172,187,18
172,188,5
172,189,14
172,190,11
172,191,4
172,192,10
172,193,8
172,194,12
172,195,18
172,196,9
172,197,15
172,198,19
172,199,11
173,174,4
173,175,3
173,176,14
173,177,3
173,178,15
173,179,14
173,180,7
173,181,2
173,182,12
173,183,20
173,184,1
173,185,8
173,186,4
173,187,6
173,188,9
173,189,7
173,190,12
173,191,16
173,192,3
173,193,6
173,194,13
173,195,2
173,196,9
173,197,13
173,198,14
173,199,3
174,175,20
174,176,13
174,177,11
174,178,19
174,179,9
174,180,18
174,181,14
174,182,5
174,183,6
174,184,7
174,185,5
174,186,8
174,187,13
174,188,1
174,189,20
174,190,15
174,191,10
174,192,6
174,193,16
174,194,8
174,195,17
174,196,10
174,197,13
174,198,12
174,199,7
175,176,4
175,177,20
175,178,12
175,179,6
175,180,3
175,181,9
175,182,6
175,183,7
175,184,20
175,185,20
175,186,14
175,187,18
175,188,14
175,189,12
175,190,20
175,191,14
175,192,17
175,193,12
175,194,11
175,195,15
175,196,13
175,197,14
175,198,6
175,199,11
176,177,20
176,178,13
176,179,13
176,180,8
176,181,14
176,182,14
176,183,5
176,184,15
176,185,18
176,186,19
176,187,20
176,188,1
176,189,15
176,190,4
176,191,14
176,192,6
176,193,20
176,194,7
176,195,19
176,196,5
176,197,8
176,198,2
176,199,9
177,178,8
177,179,15
177,180,16
177,181,16
177,182,1
177,183,12
177,184,4
177,185,11
177,186,11
177,187,5
177,188,12
177,189,20
177,190,10
177,191,2
177,192,17
177,193,19
177,194,3
177,195,4
177,196,3
177,197,3
177,198,18
177,199,1
178,179,18
178,180,18
178,181,7
178,182,15
178,183,3
178,184,6
178,185,19
178,186,14
178,187,9
178,188,10
178,189,16
178,190,3
178,191,5
178,192,11
178,193,8
178,194,6
178,195,16
178,196,8
178,197,16
178,198,17
178,199,2
179,180,17
179,181,15
179,182,11
179,183,19
179,184,11
179,185,10
179,186,19
179,187,10
179,188,11
179,189,11
179,190,18
179,191,4
179,192,17
179,193,17
179,194,13
179,195,18
179,196,9
179,197,7
179,198,6
179,199,12
180,181,12
180,182,8
180,183,11
180,184,3
180,185,17
180,186,11
180,187,3
180,188,14
180,189,9
180,190,12
180,191,3
180,192,2
180,193,17
180,194,15
180,195,3
180,196,3
180,197,20
180,198,13
180,199,15
181,182,10
181,183,17
181,184,4
181,185,12
181,186,5
181,187,10
181,188,5
181,189,19
181,190,14
181,191,11
181,192,14
181,193,3
181,194,12
181,195,12
181,196,16
181,197,17
181,198,18
181,199,8
182,183,7
182,184,7
182,185,1
182,186,19
182,187,1
182,188,18
182,189,17
182,190,9
182,191,10
182,192,15
182,193,15
182,194,19
182,195,1
182,196,6
182,197,4
182,198,20
182,199,10
183,184,1
183,185,18
183,186,6
183,187,3
183,188,1
183,189,15
183,190,19
183,191,3
183,192,8
183,193,7
183,194,7
183,195,2
183,196,17
183,197,19
183,198,1
183,199,18
184,185,18
184,186,9
184,187,20
184,188,4
184,189,7
184,190,10
184,191,8
184,192,9
184,193,4
184,194,14
184,195,16
184,196,10
184,197,12
184,198,13
184,199,10
185,186,2
185,187,17
185,188,13
185,189,19
185,190,20
185,191,4
185,192,5
185,193,18
185,194,3
185,195,17
185,196,7
185,197,7
185,198,6
185,199,9
186,187,17
186,188,1
186,189,18
186,190,11
186,191,14
186,192,12
186,193,6
186,194,7
186,195,5
186,196,20
186,197,13
186,198,17
186,199,19
187,188,17
187,189,15
187,190,19
187,191,17
187,192,20
187,193,1
187,194,1
187,195,6
187,196,15
187,197,15
187,198,13
187,199,16
188,189,19
188,190,19
188,191,13
188,192,18
188,193,20
188,194,4
188,195,1
188,196,1
188,197,7
188,198,8
188,199,1
189,190,7
189,191,10
189,192,16
189,193,7
189,194,16
189,195,15
189,196,9
189,197,13
189,198,1
189,199,2
190,191,3
190,192,9
190,193,20
190,194,16
190,195,10
190,196,18
190,197,19
190,198,13
190,199,12
191,192,1
191,193,16
191,194,1
191,195,18
191,196,10
191,197,10
191,198,10
191,199,5
192,193,13
192,194,12
192,195,20
192,196,1
192,197,13
192,198,5
192,199,5
193,194,14
193,195,2
193,196,18
193,197,6
193,198,8
193,199,16
194,195,16
194,196,17
194,197,15
194,198,19
194,199,18
195,196,4
195,197,20
195,198,17
195,199,16
196,197,19
196,198,6
196,199,6
197,198,7
197,199,10
198,199,3
