0,1,14
0,2,8
0,4,7
0,5,7
0,6,19
0,7,19
0,8,4
0,9,13
0,10,3
0,11,6
0,12,6
0,13,2
0,16,5
0,21,15
0,22,3
0,23,2
0,26,19
0,27,9
0,28,12
0,31,18
0,34,12
0,35,8
0,39,18
0,41,2
0,42,20
0,44,11
0,46,15
0,47,19
0,48,4
0,50,12
0,51,2
0,53,4
0,55,3
0,56,1
0,58,20
0,59,15
0,61,14
0,70,10
0,71,2
0,72,19
0,73,13
0,75,1
0,77,1
0,80,9
0,82,19
0,84,17
0,85,5
0,87,11
0,90,4
0,91,11
0,92,18
0,94,15
0,95,7
0,98,19
0,100,17
0,102,5
0,103,9
0,109,8
0,110,15
0,113,5
0,114,14
0,116,6
0,118,2
0,120,10
0,124,15
0,130,9
0,132,12
0,136,4
0,137,6
0,139,9
0,140,7
0,145,16
0,147,5
0,148,11
0,149,1
0,150,5
0,152,12
0,153,15
0,155,1
0,164,19
0,165,10
0,166,12
0,167,7
0,169,18
0,171,19
0,172,2
0,175,6
0,176,12
0,179,8
1,6,4
1,8,20
1,9,13
1,10,13
1,12,16
1,13,5
1,14,9
1,15,17
1,16,6
1,21,19
1,22,1
1,26,20
1,27,10
1,28,17
1,29,20
1,31,12
1,33,2
1,35,12
1,36,8
1,37,17
1,38,17
1,39,18
1,40,4
1,41,15
1,44,12
1,45,6
1,46,17
1,47,15
1,49,18
1,51,2
1,52,1
1,53,5
1,55,2
1,56,8
1,57,15
1,59,12
1,61,4
1,62,20
1,69,16
1,75,6
1,76,13
1,77,13
1,78,3
1,82,15
1,84,3
1,87,9
1,88,10
1,89,5
1,90,6
1,91,3
1,92,1
1,94,20
1,100,3
1,110,12
1,111,4
1,115,1
1,116,4
1,117,7
1,118,11
1,125,5
1,127,18
1,128,12
1,129,4
1,130,6
1,131,6
1,133,20
1,134,10
1,136,14
1,137,4
1,138,17
1,139,7
1,141,4
1,142,14
1,143,18
1,146,12
1,149,9
1,151,11
1,152,17
1,153,20
1,154,7
1,158,8
1,159,7
1,160,11
1,161,7
1,162,19
1,164,2
1,165,4
1,166,20
1,168,9
1,169,3
1,172,12
1,173,14
1,174,8
1,177,10
1,179,18
2,3,10
2,7,12
2,8,8
2,15,2
2,16,7
2,17,10
2,19,1
2,22,12
2,23,11
2,27,17
2,28,18
2,31,14
2,32,6
2,33,1
2,35,11
2,36,11
2,38,13
2,39,9
2,41,1
2,44,16
2,45,6
2,46,1
2,48,2
2,50,4
2,53,17
2,54,14
2,56,16
2,59,1
2,60,7
2,63,4
2,64,13
2,65,20
2,66,13
2,67,15
2,69,5
2,73,3
2,74,16
2,76,9
2,77,7
2,86,8
2,87,8
2,93,4
2,94,8
2,95,9
2,97,16
2,99,6
2,100,8
2,101,3
2,102,16
2,105,4
2,106,11
2,109,8
2,110,7
2,115,4
2,117,19
2,120,17
2,123,3
2,125,15
2,130,19
2,133,12
2,136,5
2,137,8
2,138,12
2,139,8
2,140,5
2,142,3
2,145,7
2,146,19
2,149,1
2,151,14
2,152,17
2,154,15
2,155,18
2,156,11
2,157,13
2,160,20
2,166,3
2,171,9
2,173,18
2,174,10
2,177,12
3,4,18
3,5,20
3,9,10
3,10,5
3,12,7
3,13,8
3,15,3
3,16,15
3,19,19
3,20,19
3,23,12
3,24,14
3,25,5
3,28,20
3,30,14
3,34,3
3,35,16
3,37,5
3,39,15
3,42,17
3,44,8
3,47,17
3,48,18
3,51,3
3,52,20
3,53,6
3,59,13
3,65,9
3,68,20
3,69,14
3,72,8
3,73,11
3,74,1
3,77,1
3,80,12
3,82,20
3,84,5
3,87,6
3,90,20
3,91,15
3,93,10
3,95,16
3,98,10
3,99,8
3,100,18
3,101,7
3,102,19
3,104,11
3,105,9
3,107,8
3,108,8
3,112,12
3,114,6
3,116,1
3,121,3
3,124,5
3,126,11
3,128,19
3,129,10
3,132,8
3,136,7
3,137,12
3,138,18
3,139,16
3,142,20
3,143,16
3,144,20
3,145,15
3,147,6
3,149,4
3,150,3
3,154,20
3,155,4
3,159,19
3,160,9
3,162,1
3,163,20
3,164,17
3,165,13
3,167,5
3,170,19
3,171,2
3,172,19
3,175,6
3,177,12
3,178,6
3,179,2
4,9,19
4,12,7
4,19,15
4,20,6
4,21,18
4,27,1
4,28,11
4,30,17
4,33,8
4,34,11
4,36,19
4,37,12
4,38,7
4,40,8
4,42,13
4,43,2
4,44,14
4,45,1
4,47,16
4,57,18
4,59,1
4,60,14
4,61,20
4,66,13
4,67,5
4,68,16
4,69,16
4,71,18
4,72,7
4,73,6
4,77,10
4,79,12
4,80,15
4,81,12
4,82,7
4,84,8
4,89,14
4,94,19
4,95,18
4,98,16
4,99,14
4,108,10
4,110,3
4,111,7
4,113,6
4,115,5
4,116,10
4,118,2
4,121,10
4,122,5
4,126,20
4,127,3
4,128,1
4,129,18
4,130,10
4,132,18
4,135,10
4,136,18
4,138,1
4,139,12
4,141,13
4,143,17
4,144,16
4,146,11
4,154,14
4,156,3
4,157,5
4,158,13
4,159,17
4,160,5
4,162,8
4,163,3
4,164,14
4,166,13
4,168,16
4,169,20
4,170,11
4,171,15
4,175,5
4,177,20
4,178,20
5,8,19
5,10,9
5,11,8
5,12,1
5,14,7
5,15,14
5,16,8
5,18,8
5,19,5
5,22,3
5,23,3
5,24,14
5,27,7
5,28,10
5,30,1
5,33,2
5,34,4
5,35,3
5,36,15
5,37,18
5,40,11
5,42,13
5,46,8
5,49,14
5,52,5
5,53,11
5,54,6
5,56,7
5,60,8
5,61,12
5,62,9
5,63,9
5,64,1
5,66,14
5,68,12
5,71,15
5,73,15
5,74,13
5,75,4
5,76,2
5,79,2
5,88,20
5,90,10
5,91,1
5,92,9
5,94,6
5,97,15
5,99,1
5,107,18
5,110,4
5,111,9
5,112,5
5,113,10
5,118,4
5,120,13
5,121,13
5,122,14
5,123,9
5,124,20
5,128,15
5,130,18
5,132,16
5,134,15
5,138,19
5,139,10
5,155,20
5,159,1
5,160,3
5,161,16
5,162,6
5,164,7
5,166,18
5,170,13
5,172,20
5,173,18
5,174,13
5,175,10
5,177,1
5,178,7
5,179,12
6,7,15
6,9,17
6,10,11
6,12,16
6,13,6
6,14,12
6,16,16
6,20,16
6,25,17
6,26,5
6,28,7
6,29,3
6,30,3
6,31,13
6,33,1
6,34,7
6,36,7
6,37,1
6,38,7
6,39,13
6,40,11
6,44,13
6,45,15
6,47,16
6,50,3
6,51,7
6,52,16
6,53,7
6,55,17
6,56,13
6,58,15
6,59,16
6,60,19
6,61,17
6,62,1
6,64,18
6,65,15
6,66,4
6,67,14
6,68,20
6,70,9
6,71,2
6,74,14
6,79,15
6,86,20
6,87,5
6,88,3
6,90,15
6,93,7
6,94,2
6,95,12
6,96,20
6,98,3
6,105,9
6,109,3
6,110,2
6,111,19
6,112,12
6,115,6
6,117,19
6,118,8
6,119,18
6,120,20
6,121,20
6,124,4
6,127,18
6,128,5
6,129,2
6,130,10
6,131,6
6,132,9
6,135,17
6,136,5
6,137,5
6,138,1
6,144,4
6,145,3
6,146,15
6,149,13
6,150,18
6,152,13
6,154,8
6,156,15
6,157,5
6,159,17
6,160,15
6,162,5
6,168,12
6,169,19
6,170,20
6,174,12
6,175,15
6,176,4
6,178,11
7,9,2
7,10,8
7,14,8
7,15,13
7,17,11
7,18,17
7,24,14
7,25,17
7,26,8
7,28,4
7,29,18
7,30,17
7,33,16
7,34,3
7,35,10
7,36,8
7,38,14
7,39,14
7,47,16
7,49,5
7,50,14
7,51,9
7,55,6
7,56,1
7,57,19
7,60,1
7,62,9
7,63,11
7,64,3
7,65,12
7,67,5
7,69,2
7,70,9
7,72,17
7,73,2
7,74,15
7,75,17
7,77,3
7,79,11
7,80,13
7,83,17
7,84,9
7,88,15
7,89,15
7,90,20
7,91,1
7,92,15
7,93,13
7,94,17
7,95,18
7,98,7
7,100,6
7,102,14
7,105,1
7,108,5
7,110,19
7,111,17
7,114,7
7,115,17
7,117,10
7,121,18
7,128,1
7,129,4
7,130,9
7,131,7
7,134,17
7,136,8
7,137,8
7,138,17
7,140,13
7,141,13
7,144,4
7,151,8
7,152,2
7,153,5
7,154,19
7,155,11
7,156,6
7,159,2
7,164,2
7,168,1
7,169,18
7,170,11
7,176,18
7,177,5
7,179,16
8,9,15
8,11,14
8,15,17
8,17,11
8,18,16
8,20,13
8,21,15
8,25,12
8,28,11
8,29,17
8,34,10
8,35,14
8,36,10
8,37,10
8,39,2
8,40,1
8,41,5
8,42,4
8,44,9
8,45,15
8,47,13
8,50,8
8,51,15
8,53,10
8,54,8
8,55,9
8,58,17
8,60,13
8,61,11
8,63,1
8,65,14
8,66,15
8,68,6
8,69,4
8,70,6
8,71,20
8,73,15
8,74,16
8,75,20
8,77,20
8,78,2
8,79,12
8,81,3
8,82,4
8,84,7
8,87,11
8,88,4
8,89,6
8,90,12
8,94,10
8,95,9
8,98,20
8,102,9
8,103,3
8,106,17
8,113,9
8,116,3
8,117,14
8,118,7
8,120,13
8,121,8
8,127,15
8,128,12
8,130,8
8,136,6
8,140,2
8,141,16
8,142,19
8,143,8
8,144,9
8,145,10
8,147,7
8,148,11
8,151,9
8,153,9
8,155,7
8,157,1
8,158,13
8,159,17
8,160,2
8,161,18
8,164,18
8,166,15
8,170,1
8,174,19
8,177,18
8,179,20
9,12,15
9,13,12
9,15,19
9,18,13
9,20,2
9,21,12
9,27,19
9,40,11
9,42,4
9,43,19
9,44,14
9,45,5
9,47,13
9,48,18
9,49,12
9,54,11
9,56,12
9,57,9
9,59,14
9,61,20
9,65,10
9,66,2
9,68,5
9,69,15
9,72,7
9,74,2
9,76,11
9,77,9
9,78,15
9,82,11
9,87,11
9,88,12
9,90,9
9,92,9
9,96,8
9,97,14
9,98,20
9,100,12
9,101,6
9,102,9
9,104,4
9,105,8
9,107,17
9,108,11
9,114,2
9,115,11
9,116,3
9,119,14
9,121,4
9,122,2
9,123,16
9,125,6
9,130,20
9,133,19
9,135,14
9,137,9
9,138,13
9,143,14
9,147,20
9,148,2
9,149,6
9,151,3
9,153,4
9,160,20
9,163,7
9,166,1
9,168,1
9,169,18
9,170,4
9,176,9
9,177,20
9,178,16
9,179,9
10,11,7
10,12,3
10,13,15
10,14,10
10,15,7
10,17,11
10,18,17
10,20,7
10,21,17
10,26,16
10,27,11
10,30,16
10,31,3
10,32,15
10,33,7
10,35,17
10,36,13
10,41,7
10,44,15
10,45,12
10,47,10
10,49,18
10,50,10
10,51,16
10,56,18
10,57,11
10,58,4
10,62,9
10,64,6
10,65,19
10,67,19
10,73,20
10,75,7
10,76,11
10,77,14
10,80,20
10,81,9
10,85,3
10,87,10
10,88,12
10,89,13
10,92,11
10,99,2
10,103,6
10,104,9
10,105,20
10,108,18
10,114,13
10,115,6
10,116,20
10,119,17
10,125,6
10,131,19
10,132,4
10,136,15
10,139,1
10,147,10
10,148,3
10,151,5
10,153,1
10,154,12
10,157,17
10,162,17
10,163,16
10,165,18
10,166,7
10,169,19
10,172,12
10,176,5
10,178,6
11,13,13
11,15,18
11,16,14
11,17,6
11,18,18
11,25,13
11,26,18
11,28,4
11,30,20
11,31,3
11,33,5
11,34,1
11,35,10
11,37,10
11,38,6
11,41,9
11,42,11
11,44,15
11,46,20
11,47,11
11,48,12
11,49,10
11,50,13
11,53,14
11,54,13
11,55,17
11,56,8
11,57,17
11,61,10
11,67,15
11,72,10
11,73,5
11,75,4
11,76,11
11,77,6
11,81,16
11,82,10
11,86,12
11,87,9
11,96,14
11,99,2
11,101,3
11,105,11
11,107,8
11,111,20
11,112,8
11,114,16
11,116,2
11,117,13
11,118,14
11,119,2
11,120,12
11,122,9
11,125,5
11,126,17
11,127,3
11,129,5
11,132,8
11,133,8
11,134,16
11,135,3
11,137,1
11,142,17
11,143,13
11,149,6
11,153,17
11,155,5
11,156,7
11,161,16
11,162,3
11,168,15
11,171,10
11,175,16
11,176,4
12,13,1
12,14,13
12,15,4
12,19,11
12,21,5
12,27,2
12,28,3
12,30,3
12,31,18
12,32,13
12,36,11
12,37,20
12,38,8
12,39,3
12,42,19
12,44,11
12,46,15
12,48,10
12,49,19
12,51,20
12,52,8
12,55,3
12,56,5
12,58,12
12,59,16
12,60,1
12,62,17
12,63,20
12,64,19
12,65,2
12,66,19
12,67,3
12,68,18
12,70,6
12,72,3
12,74,18
12,76,1
12,78,1
12,80,17
12,81,17
12,88,15
12,90,3
12,91,5
12,95,14
12,102,8
12,104,7
12,107,11
12,108,7
12,109,8
12,110,6
12,112,2
12,113,1
12,114,16
12,120,9
12,124,10
12,125,10
12,126,8
12,127,8
12,128,17
12,133,17
12,135,13
12,136,6
12,137,2
12,139,2
12,140,12
12,143,10
12,145,3
12,147,11
12,148,9
12,149,3
12,152,4
12,155,14
12,156,11
12,158,14
12,160,17
12,161,18
12,163,14
12,165,15
12,169,18
12,170,12
12,174,4
12,175,19
12,178,19
13,14,5
13,15,9
13,18,5
13,19,19
13,20,15
13,23,3
13,24,10
13,25,18
13,27,18
13,28,4
13,29,4
13,30,19
13,32,15
13,38,5
13,40,4
13,42,18
13,43,16
13,44,3
13,45,1
13,46,18
13,47,8
13,49,5
13,53,19
13,54,13
13,55,17
13,57,5
13,58,3
13,59,13
13,60,7
13,63,13
13,65,11
13,69,8
13,70,4
13,74,10
13,76,11
13,79,9
13,84,8
13,86,5
13,88,3
13,91,18
13,100,13
13,101,18
13,102,14
13,103,13
13,105,14
13,106,11
13,107,10
13,110,5
13,112,13
13,113,9
13,114,17
13,115,8
13,116,6
13,117,10
13,120,20
13,121,19
13,122,20
13,123,9
13,124,15
13,125,17
13,126,7
13,129,16
13,130,12
13,131,15
13,132,2
13,134,9
13,135,16
13,136,4
13,137,3
13,138,12
13,143,17
13,144,11
13,147,2
13,148,16
13,150,14
13,152,20
13,158,18
13,163,20
13,164,15
13,168,7
13,170,3
13,171,9
13,172,11
13,174,9
13,176,18
13,178,12
13,179,11
14,17,3
14,21,8
14,22,4
14,23,4
14,26,11
14,30,15
14,31,5
14,33,11
14,37,3
14,38,13
14,41,7
14,42,7
14,44,5
14,46,9
14,47,14
14,48,4
14,49,2
14,51,3
14,56,13
14,57,3
14,58,12
14,62,2
14,63,6
14,65,7
14,69,14
14,72,5
14,73,18
14,75,13
14,76,8
14,77,14
14,78,20
14,80,3
14,83,13
14,85,9
14,90,5
14,91,12
14,92,18
14,93,19
14,94,17
14,95,3
14,96,7
14,100,2
14,103,14
14,105,2
14,106,18
14,107,8
14,108,1
14,109,19
14,111,15
14,112,7
14,115,20
14,116,5
14,118,10
14,119,6
14,123,8
14,124,14
14,125,4
14,130,8
14,132,6
14,133,13
14,140,16
14,141,20
14,142,18
14,144,8
14,145,14
14,153,5
14,154,7
14,155,20
14,156,11
14,158,19
14,161,2
14,162,13
14,163,7
14,164,19
14,166,8
14,167,19
14,169,3
14,170,5
14,172,5
14,173,7
14,176,8
14,178,17
15,16,1
15,17,11
15,18,10
15,19,18
15,21,6
15,22,9
15,26,6
15,30,18
15,32,5
15,33,9
15,35,19
15,37,14
15,39,9
15,41,17
15,43,1
15,44,19
15,47,5
15,52,16
15,53,4
15,55,16
15,56,8
15,59,8
15,60,7
15,61,11
15,62,18
15,64,12
15,69,15
15,71,8
15,72,10
15,75,8
15,78,1
15,79,10
15,80,4
15,82,2
15,85,2
15,86,8
15,87,4
15,92,20
15,93,15
15,96,17
15,101,9
15,105,18
15,107,16
15,108,2
15,109,17
15,110,14
15,112,18
15,115,10
15,118,17
15,119,10
15,122,9
15,124,18
15,127,14
15,128,8
15,129,5
15,130,18
15,131,10
15,132,20
15,133,12
15,134,17
15,137,6
15,138,7
15,139,17
15,140,4
15,144,10
15,145,2
15,146,15
15,148,7
15,149,15
15,150,11
15,152,19
15,153,8
15,154,5
15,158,14
15,160,2
15,162,5
15,163,7
15,164,4
15,165,20
15,168,2
15,171,5
15,173,5
15,174,6
15,179,9
16,17,14
16,24,5
16,25,2
16,29,12
16,39,13
16,42,1
16,43,4
16,44,14
16,45,5
16,46,6
16,48,11
16,49,20
16,51,15
16,52,3
16,54,1
16,55,3
16,57,16
16,58,11
16,59,15
16,63,7
16,65,7
16,69,2
16,70,1
16,71,12
16,73,19
16,75,10
16,77,6
16,80,9
16,83,3
16,89,14
16,90,13
16,92,15
16,95,16
16,96,6
16,101,14
16,102,5
16,104,17
16,107,10
16,109,18
16,111,14
16,112,7
16,113,10
16,114,20
16,117,5
16,118,4
16,119,12
16,120,6
16,121,7
16,122,5
16,126,19
16,127,8
16,129,13
16,131,6
16,132,11
16,136,20
16,140,1
16,142,4
16,143,15
16,144,17
16,147,12
16,148,12
16,150,15
16,151,6
16,152,20
16,155,1
16,156,3
16,157,5
16,158,12
16,159,17
16,160,12
16,162,19
16,164,1
16,165,18
16,168,3
16,170,20
16,172,17
16,179,3
17,18,9
17,19,8
17,20,20
17,22,17
17,24,14
17,25,1
17,26,17
17,28,4
17,32,8
17,37,18
17,41,19
17,43,18
17,44,1
17,48,10
17,49,11
17,50,14
17,51,5
17,54,20
17,55,6
17,56,12
17,59,4
17,62,8
17,63,1
17,64,18
17,65,20
17,67,13
17,68,3
17,70,20
17,71,6
17,72,15
17,73,17
17,76,7
17,83,19
17,87,3
17,88,17
17,91,2
17,92,15
17,93,2
17,96,14
17,98,15
17,99,16
17,100,19
17,108,11
17,109,20
17,110,18
17,111,13
17,112,3
17,114,16
17,116,19
17,117,12
17,121,17
17,125,7
17,126,20
17,129,19
17,131,3
17,132,5
17,134,20
17,135,6
17,137,14
17,143,4
17,145,17
17,148,16
17,150,6
17,151,6
17,154,8
17,155,11
17,161,18
17,169,7
17,170,2
17,172,18
17,173,10
17,175,17
17,176,4
17,177,17
17,178,13
18,20,12
18,22,7
18,24,19
18,25,11
18,26,9
18,30,1
18,33,4
18,35,15
18,36,2
18,37,9
18,38,6
18,39,19
18,43,2
18,45,8
18,46,13
18,50,13
18,51,15
18,54,2
18,57,19
18,60,14
18,64,12
18,65,14
18,70,6
18,72,16
18,74,11
18,76,12
18,77,16
18,80,11
18,81,13
18,82,3
18,86,14
18,87,6
18,89,3
18,93,7
18,97,8
18,99,7
18,101,14
18,106,4
18,109,19
18,111,14
18,112,8
18,113,14
18,114,17
18,115,3
18,117,9
18,118,16
18,121,15
18,122,2
18,123,16
18,124,10
18,128,11
18,129,20
18,131,12
18,134,1
18,140,9
18,144,16
18,145,6
18,146,20
18,147,18
18,148,7
18,152,6
18,154,7
18,156,1
18,157,7
18,159,5
18,162,8
18,163,18
18,167,18
18,168,12
18,173,20
18,177,1
18,178,19
19,20,19
19,21,13
19,24,17
19,25,15
19,26,17
19,27,4
19,29,16
19,30,7
19,35,14
19,36,12
19,37,2
19,38,14
19,40,2
19,46,4
19,48,16
19,50,16
19,51,4
19,53,17
19,54,5
19,56,12
19,57,11
19,58,11
19,59,2
19,65,16
19,66,15
19,67,4
19,68,19
19,69,18
19,70,8
19,71,15
19,75,8
19,76,2
19,78,17
19,83,17
19,84,3
19,89,18
19,91,17
19,93,20
19,96,4
19,98,7
19,99,13
19,100,7
19,101,14
19,102,18
19,103,14
19,104,9
19,105,4
19,106,16
19,111,10
19,112,2
19,115,2
19,116,4
19,120,15
19,122,17
19,125,6
19,126,14
19,127,11
19,129,19
19,130,16
19,131,8
19,132,17
19,133,13
19,136,7
19,137,1
19,141,4
19,144,5
19,147,10
19,149,5
19,151,16
19,153,11
19,154,18
19,156,5
19,157,2
19,160,3
19,161,9
19,163,2
19,165,18
19,167,17
19,169,6
19,170,6
19,171,2
19,174,17
19,175,9
19,178,9
19,179,12
20,24,12
20,27,11
20,28,19
20,29,14
20,31,10
20,32,4
20,36,9
20,37,1
20,38,11
20,40,18
20,42,20
20,43,10
20,44,2
20,45,19
20,46,19
20,47,11
20,48,10
20,55,11
20,58,20
20,63,8
20,67,8
20,68,9
20,71,20
20,72,20
20,74,3
20,76,19
20,78,17
20,81,5
20,82,15
20,83,3
20,84,20
20,86,12
20,87,18
20,88,2
20,95,20
20,96,4
20,97,7
20,98,3
20,103,19
20,106,15
20,107,5
20,109,9
20,111,10
20,113,8
20,115,16
20,117,5
20,118,18
20,121,17
20,123,17
20,125,19
20,127,17
20,132,19
20,133,11
20,134,1
20,135,16
20,138,19
20,140,8
20,141,18
20,143,2
20,144,17
20,146,5
20,148,3
20,150,8
20,151,10
20,153,7
20,154,20
20,156,13
20,157,19
20,159,6
20,160,8
20,162,7
20,163,1
20,165,14
20,167,9
20,170,20
20,171,17
20,172,2
20,173,11
20,175,11
20,176,6
20,177,14
20,178,14
21,23,17
21,25,12
21,28,11
21,31,5
21,33,16
21,34,12
21,35,6
21,36,16
21,37,17
21,40,12
21,42,13
21,43,15
21,45,8
21,46,3
21,47,7
21,48,5
21,49,11
21,51,13
21,53,16
21,58,1
21,59,19
21,60,15
21,62,16
21,66,18
21,67,5
21,74,11
21,78,16
21,79,5
21,80,20
21,81,10
21,86,4
21,90,1
21,92,15
21,93,8
21,94,16
21,96,19
21,97,10
21,103,10
21,104,11
21,106,20
21,108,9
21,110,3
21,114,1
21,115,7
21,117,3
21,119,20
21,120,3
21,121,12
21,127,4
21,129,18
21,130,7
21,131,4
21,132,11
21,134,14
21,136,6
21,144,19
21,145,7
21,147,2
21,150,14
21,152,7
21,153,4
21,154,20
21,155,19
21,156,14
21,160,9
21,161,7
21,162,12
21,165,2
21,166,2
21,168,16
21,170,3
21,173,7
21,174,8
21,176,2
21,177,20
21,178,14
21,179,19
22,24,10
22,25,9
22,26,8
22,27,5
22,30,7
22,31,14
22,36,12
22,39,18
22,40,8
22,41,5
22,42,5
22,43,18
22,46,3
22,47,11
22,50,19
22,52,1
22,58,16
22,59,6
22,60,19
22,61,15
22,64,1
22,65,4
22,67,9
22,74,17
22,77,10
22,78,20
22,79,10
22,80,9
22,81,17
22,83,15
22,84,8
22,85,13
22,88,20
22,89,11
22,90,12
22,92,14
22,94,14
22,95,17
22,98,9
22,101,13
22,103,5
22,104,19
22,107,4
22,109,3
22,110,14
22,112,8
22,113,11
22,115,3
22,117,3
22,119,11
22,120,5
22,121,5
22,123,5
22,124,10
22,125,4
22,128,8
22,130,12
22,131,5
22,132,14
22,133,17
22,134,10
22,136,8
22,137,3
22,139,3
22,141,1
22,144,7
22,149,20
22,154,12
22,155,9
22,156,3
22,157,4
22,161,2
22,162,3
22,163,1
22,168,4
22,169,9
22,174,17
22,177,6
22,178,17
23,26,12
23,33,16
23,34,17
23,35,17
23,36,13
23,38,10
23,41,8
23,42,3
23,43,2
23,47,17
23,48,10
23,49,19
23,50,16
23,51,5
23,56,20
23,60,17
23,61,15
23,63,5
23,65,19
23,66,16
23,69,7
23,71,10
23,79,18
23,82,13
23,83,17
23,84,11
23,88,10
23,89,12
23,90,15
23,91,13
23,92,14
23,94,9
23,96,20
23,98,2
23,99,3
23,102,3
23,105,4
23,109,10
23,111,18
23,115,6
23,116,7
23,118,1
23,119,3
23,121,3
23,124,2
23,125,1
23,126,12
23,127,12
23,128,3
23,129,7
23,132,8
23,134,8
23,138,6
23,146,2
23,147,17
23,148,8
23,149,2
23,150,11
23,154,5
23,155,8
23,156,13
23,157,3
23,159,12
23,161,9
23,165,9
23,166,10
23,167,6
23,169,4
23,170,14
23,171,18
23,172,19
23,174,12
23,175,12
24,27,10
24,28,17
24,31,12
24,32,20
24,34,20
24,36,14
24,37,14
24,38,11
24,41,18
24,43,1
24,45,12
24,46,12
24,47,19
24,48,10
24,49,6
24,51,10
24,52,19
24,53,10
24,56,11
24,57,18
24,58,11
24,60,6
24,63,6
24,65,20
24,66,6
24,67,16
24,69,12
24,70,1
24,71,17
24,73,8
24,74,13
24,75,17
24,77,12
24,78,20
24,81,1
24,82,2
24,83,16
24,85,1
24,86,1
24,88,20
24,89,9
24,91,7
24,92,15
24,97,17
24,98,13
24,100,4
24,101,18
24,102,14
24,103,13
24,106,17
24,112,20
24,113,16
24,115,15
24,116,13
24,118,13
24,120,19
24,123,12
24,124,20
24,125,18
24,127,7
24,128,12
24,133,17
24,138,10
24,139,5
24,140,17
24,141,20
24,143,2
24,144,10
24,145,7
24,151,7
24,152,3
24,153,3
24,154,7
24,156,15
24,157,8
24,158,1
24,159,12
24,160,15
24,161,3
24,162,6
24,164,3
24,166,19
24,167,8
24,169,10
24,172,2
24,176,13
24,177,7
24,179,9
25,26,3
25,27,17
25,29,7
25,32,10
25,36,8
25,37,17
25,38,10
25,39,17
25,41,15
25,45,11
25,50,11
25,51,15
25,53,4
25,56,7
25,57,13
25,61,14
25,62,1
25,66,14
25,69,1
25,70,17
25,77,1
25,78,8
25,79,3
25,80,2
25,81,16
25,83,1
25,89,20
25,92,6
25,96,9
25,98,16
25,99,15
25,103,11
25,108,10
25,110,18
25,111,10
25,112,5
25,114,7
25,116,8
25,118,6
25,122,5
25,123,11
25,125,11
25,126,3
25,127,18
25,128,1
25,130,5
25,132,20
25,133,8
25,136,6
25,140,15
25,142,8
25,144,11
25,147,15
25,151,5
25,153,15
25,154,3
25,155,11
25,156,1
25,157,12
25,160,4
25,162,14
25,164,6
25,166,11
25,168,6
25,170,20
25,174,3
25,175,9
26,30,8
26,31,15
26,35,6
26,38,3
26,40,14
26,42,8
26,44,8
26,47,1
26,48,5
26,49,4
26,51,6
26,53,15
26,57,1
26,60,10
26,61,8
26,64,11
26,69,10
26,71,13
26,72,11
26,73,13
26,74,8
26,75,16
26,76,6
26,77,6
26,78,2
26,79,1
26,80,17
26,81,14
26,85,6
26,86,20
26,90,4
26,92,9
26,93,15
26,94,10
26,96,9
26,103,12
26,107,14
26,108,10
26,109,9
26,111,15
26,113,19
26,117,12
26,118,19
26,119,2
26,121,17
26,122,17
26,125,5
26,126,2
26,128,13
26,129,15
26,130,11
26,134,11
26,135,8
26,136,15
26,137,16
26,140,17
26,142,4
26,143,8
26,144,19
26,145,12
26,146,14
26,147,4
26,148,6
26,151,19
26,152,17
26,163,6
26,164,17
26,168,2
26,169,12
26,170,13
26,172,10
26,174,12
26,175,2
26,177,7
26,178,15
27,28,8
27,29,8
27,30,2
27,34,11
27,36,3
27,37,1
27,38,17
27,39,1
27,40,1
27,44,10
27,46,13
27,47,17
27,49,11
27,50,2
27,51,16
27,52,10
27,53,15
27,56,16
27,57,11
27,58,5
27,59,17
27,60,9
27,61,12
27,62,17
27,63,3
27,67,15
27,68,14
27,70,5
27,71,12
27,73,4
27,74,19
27,75,11
27,78,10
27,79,20
27,81,16
27,83,9
27,87,13
27,91,8
27,94,18
27,95,3
27,96,1
27,99,17
27,100,17
27,101,16
27,102,20
27,103,7
27,105,18
27,106,5
27,107,12
27,108,9
27,109,2
27,111,8
27,112,20
27,116,14
27,120,8
27,121,8
27,122,1
27,126,6
27,128,8
27,129,8
27,130,19
27,131,12
27,132,15
27,134,5
27,135,3
27,137,18
27,139,3
27,143,1
27,144,19
27,146,3
27,147,3
27,149,15
27,152,15
27,156,6
27,159,4
27,162,5
27,163,14
27,167,15
27,168,4
27,169,19
27,172,19
27,173,3
27,177,13
27,179,16
28,30,8
28,31,4
28,34,16
28,35,4
28,36,14
28,39,5
28,42,8
28,45,9
28,48,14
28,49,18
28,50,13
28,51,14
28,53,20
28,59,17
28,61,19
28,62,16
28,63,5
28,64,1
28,68,13
28,69,3
28,71,17
28,72,3
28,77,9
28,78,7
28,79,7
28,85,19
28,88,18
28,89,11
28,90,4
28,91,5
28,94,10
28,99,14
28,101,1
28,102,10
28,103,1
28,105,10
28,106,17
28,109,16
28,110,11
28,113,13
28,114,6
28,115,10
28,117,3
28,118,5
28,119,19
28,120,4
28,123,6
28,126,10
28,129,8
28,132,8
28,133,16
28,134,4
28,136,18
28,137,17
28,138,5
28,140,8
28,141,5
28,142,18
28,143,17
28,147,15
28,150,7
28,151,4
28,152,17
28,153,7
28,154,19
28,155,19
28,156,19
28,157,8
28,158,7
28,159,13
28,164,6
28,165,18
28,166,6
28,167,18
28,168,3
28,174,14
28,175,2
28,179,15
29,30,17
29,31,2
29,33,13
29,34,1
29,35,16
29,37,5
29,38,15
29,40,11
29,42,13
29,45,14
29,51,14
29,54,12
29,58,7
29,59,5
29,61,1
29,62,6
29,65,4
29,68,5
29,70,2
29,80,14
29,81,12
29,82,16
29,83,5
29,85,2
29,86,6
29,88,2
29,89,11
29,91,4
29,94,13
29,95,15
29,96,1
29,98,12
29,99,16
29,100,11
29,101,5
29,103,7
29,104,7
29,105,18
29,106,13
29,107,12
29,108,8
29,109,13
29,112,10
29,114,1
29,115,12
29,116,18
29,118,5
29,119,4
29,120,6
29,122,16
29,124,8
29,125,20
29,127,13
29,130,8
29,132,15
29,136,19
29,137,16
29,138,17
29,139,5
29,141,6
29,142,15
29,144,19
29,145,12
29,146,15
29,148,1
29,153,19
29,155,15
29,163,15
29,169,13
29,174,1
29,175,12
29,176,2
29,177,1
29,179,7
30,31,19
30,32,2
30,33,19
30,35,15
30,36,14
30,37,3
30,41,10
30,42,14
30,43,16
30,44,13
30,45,4
30,46,13
30,47,1
30,48,8
30,49,1
30,53,2
30,55,20
30,57,20
30,59,14
30,62,4
30,64,4
30,66,9
30,68,14
30,74,14
30,76,12
30,77,17
30,78,10
30,83,9
30,84,9
30,86,9
30,91,2
30,94,20
30,95,9
30,97,10
30,98,7
30,100,14
30,101,13
30,102,15
30,103,15
30,105,2
30,106,14
30,110,10
30,113,8
30,114,5
30,118,4
30,119,7
30,124,5
30,126,19
30,127,1
30,129,15
30,130,16
30,133,2
30,138,5
30,139,7
30,147,15
30,148,17
30,152,19
30,153,15
30,155,11
30,156,14
30,158,17
30,159,19
30,160,4
30,161,11
30,164,13
30,165,2
30,166,20
30,167,2
30,168,3
30,169,12
30,170,11
30,172,3
30,174,11
30,175,6
30,178,14
30,179,16
31,34,20
31,37,5
31,39,5
31,42,14
31,45,7
31,47,8
31,48,8
31,49,1
31,50,10
31,52,1
31,57,18
31,58,16
31,60,17
31,61,7
31,62,11
31,63,11
31,67,7
31,72,20
31,74,13
31,75,19
31,77,11
31,78,15
31,79,15
31,82,13
31,83,8
31,85,11
31,87,12
31,88,1
31,89,8
31,90,8
31,91,1
31,96,2
31,99,9
31,102,9
31,104,3
31,107,17
31,114,5
31,115,14
31,117,17
31,118,19
31,119,7
31,122,17
31,126,1
31,129,17
31,131,6
31,132,3
31,133,5
31,135,20
31,136,13
31,138,10
31,140,4
31,144,11
31,145,6
31,146,14
31,148,10
31,149,2
31,152,14
31,153,3
31,160,10
31,165,14
31,169,4
31,173,16
31,178,1
31,179,8
32,35,18
32,36,7
32,37,5
32,41,4
32,42,14
32,45,17
32,47,11
32,50,18
32,52,10
32,53,19
32,57,7
32,59,8
32,62,10
32,66,6
32,67,5
32,68,10
32,71,3
32,72,20
32,75,12
32,80,3
32,82,12
32,83,12
32,84,15
32,85,16
32,87,19
32,89,19
32,93,11
32,95,19
32,96,7
32,97,15
32,102,14
32,103,4
32,104,9
32,105,18
32,109,11
32,111,17
32,112,5
32,115,3
32,119,13
32,123,2
32,124,17
32,126,9
32,128,3
32,129,13
32,130,10
32,131,3
32,133,7
32,134,17
32,135,10
32,140,20
32,141,15
32,144,9
32,149,16
32,150,8
32,151,5
32,153,4
32,154,7
32,155,1
32,158,18
32,164,19
32,166,13
32,168,8
32,176,5
32,177,8
33,34,9
33,37,11
33,40,12
33,41,1
33,43,10
33,44,9
33,45,6
33,46,15
33,48,14
33,49,2
33,51,1
33,52,11
33,55,7
33,56,14
33,58,12
33,59,9
33,60,13
33,62,15
33,63,1
33,66,4
33,67,9
33,71,1
33,72,12
33,79,8
33,84,16
33,87,8
33,88,2
33,89,12
33,90,16
33,91,4
33,92,2
33,93,12
33,94,10
33,98,4
33,101,12
33,104,8
33,105,3
33,108,2
33,109,15
33,110,2
33,111,8
33,112,3
33,114,14
33,115,16
33,116,13
33,118,6
33,119,6
33,124,7
33,128,13
33,129,4
33,131,17
33,136,11
33,138,17
33,139,14
33,141,8
33,142,4
33,144,16
33,145,4
33,146,1
33,147,13
33,149,17
33,150,4
33,151,1
33,152,6
33,153,1
33,154,18
33,156,10
33,157,13
33,158,2
33,159,3
33,164,3
33,166,4
33,168,2
33,170,6
33,174,4
33,177,2
33,178,10
34,35,10
34,40,16
34,42,13
34,44,10
34,49,6
34,52,9
34,54,19
34,55,8
34,59,6
34,60,2
34,61,8
34,62,16
34,63,11
34,64,2
34,68,15
34,71,4
34,72,16
34,76,4
34,78,19
34,82,16
34,84,11
34,86,19
34,87,19
34,88,3
34,90,12
34,91,7
34,96,3
34,97,3
34,100,4
34,101,12
34,102,14
34,104,11
34,107,6
34,109,3
34,110,16
34,111,8
34,114,14
34,116,12
34,118,8
34,119,9
34,120,2
34,122,20
34,123,17
34,125,12
34,127,14
34,130,10
34,131,1
34,133,11
34,134,12
34,135,19
34,137,1
34,139,10
34,140,18
34,142,1
34,144,10
34,146,1
34,147,16
34,148,6
34,150,2
34,151,17
34,152,20
34,153,4
34,156,20
34,162,2
34,163,9
34,166,3
34,168,6
34,169,10
34,170,13
34,171,7
34,172,17
34,173,15
34,176,17
34,178,17
34,179,1
35,37,7
35,39,1
35,41,11
35,42,9
35,43,5
35,44,3
35,46,14
35,48,13
35,51,20
35,52,16
35,53,7
35,57,19
35,59,4
35,61,13
35,63,12
35,64,4
35,65,15
35,67,17
35,68,13
35,70,5
35,73,15
35,74,12
35,75,19
35,78,19
35,79,6
35,80,12
35,89,16
35,90,14
35,91,10
35,92,16
35,94,11
35,96,13
35,97,2
35,98,16
35,99,12
35,100,20
35,102,18
35,104,12
35,106,12
35,108,13
35,111,19
35,118,19
35,119,8
35,125,10
35,126,18
35,127,5
35,128,17
35,131,15
35,132,11
35,137,19
35,138,18
35,145,18
35,146,1
35,152,13
35,153,14
35,158,7
35,159,5
35,160,1
35,162,18
35,163,13
35,164,3
35,165,5
35,166,8
35,169,8
35,170,4
35,171,9
35,175,17
35,177,17
35,178,9
36,37,8
36,38,8
36,41,13
36,42,5
36,43,16
36,45,7
36,48,1
36,49,4
36,50,15
36,51,9
36,52,9
36,53,20
36,54,16
36,55,16
36,59,2
36,60,18
36,62,12
36,65,14
36,66,17
36,68,9
36,69,14
36,71,17
36,72,4
36,75,8
36,76,17
36,77,16
36,80,16
36,81,14
36,83,19
36,84,2
36,85,18
36,87,17
36,88,6
36,89,5
36,90,18
36,91,10
36,99,20
36,100,9
36,101,1
36,102,12
36,107,5
36,108,8
36,109,12
36,110,1
36,111,3
36,113,4
36,114,3
36,116,3
36,118,8
36,120,5
36,123,20
36,124,7
36,127,19
36,128,8
36,130,1
36,132,16
36,133,3
36,134,18
36,136,18
36,138,11
36,141,17
36,144,3
36,145,1
36,146,2
36,147,16
36,149,12
36,150,11
36,151,9
36,152,6
36,153,8
36,154,3
36,156,5
36,159,5
36,160,15
36,161,9
36,163,1
36,164,9
36,165,15
36,166,19
36,167,3
36,168,17
36,169,19
36,170,14
36,172,4
36,173,6
36,174,11
36,175,12
36,176,7
36,177,13
37,38,4
37,39,18
37,40,12
37,43,18
37,44,20
37,46,7
37,49,1
37,52,3
37,54,19
37,57,7
37,58,3
37,60,6
37,61,4
37,63,3
37,64,12
37,65,12
37,67,19
37,68,1
37,69,14
37,70,5
37,71,1
37,72,5
37,74,5
37,75,2
37,76,17
37,77,14
37,78,10
37,82,18
37,83,4
37,84,7
37,85,5
37,86,6
37,89,15
37,90,7
37,91,18
37,93,17
37,96,13
37,100,15
37,101,8
37,103,8
37,105,10
37,106,11
37,109,13
37,110,2
37,111,19
37,112,20
37,113,7
37,115,5
37,116,20
37,118,11
37,119,7
37,121,13
37,124,2
37,126,13
37,128,7
37,129,15
37,130,17
37,132,13
37,135,8
37,137,16
37,138,5
37,140,16
37,141,3
37,142,17
37,143,7
37,146,19
37,147,14
37,148,11
37,149,5
37,150,2
37,152,14
37,154,14
37,159,13
37,166,8
37,167,4
37,168,2
37,172,19
37,174,19
37,175,11
37,176,16
37,177,18
37,178,2
37,179,14
38,39,17
38,41,10
38,44,5
38,47,15
38,48,14
38,50,13
38,53,5
38,55,15
38,56,3
38,58,2
38,62,18
38,63,3
38,65,2
38,67,9
38,68,20
38,69,2
38,70,18
38,73,16
38,78,12
38,83,1
38,84,20
38,85,11
38,86,12
38,92,19
38,94,4
38,95,8
38,98,3
38,100,16
38,101,1
38,103,5
38,109,11
38,111,16
38,115,18
38,118,17
38,120,12
38,123,13
38,124,12
38,130,11
38,131,9
38,132,1
38,133,14
38,134,3
38,137,20
38,138,16
38,139,19
38,140,1
38,145,16
38,147,15
38,148,10
38,149,20
38,150,9
38,153,4
38,154,16
38,155,18
38,157,6
38,159,2
38,161,9
38,162,19
38,164,20
38,165,9
38,168,18
38,169,16
38,171,14
38,172,20
38,173,5
38,174,3
38,175,18
38,176,13
38,179,3
39,40,18
39,41,18
39,42,14
39,45,16
39,46,1
39,47,2
39,50,9
39,51,3
39,53,1
39,54,12
39,55,15
39,56,17
39,57,7
39,58,7
39,60,9
39,67,8
39,68,3
39,74,7
39,77,3
39,78,5
39,80,5
39,82,18
39,84,16
39,85,7
39,87,7
39,89,18
39,91,19
39,93,5
39,96,4
39,97,5
39,103,9
39,104,19
39,107,16
39,109,7
39,112,13
39,114,17
39,118,9
39,123,11
39,124,11
39,125,14
39,126,4
39,127,10
39,128,1
39,129,19
39,131,2
39,136,18
39,137,19
39,138,3
39,139,13
39,140,12
39,142,12
39,144,2
39,146,14
39,147,18
39,150,5
39,152,18
39,154,11
39,156,13
39,159,3
39,163,14
39,166,20
39,167,7
39,168,2
39,172,11
39,174,12
39,175,7
39,177,6
40,42,18
40,43,1
40,46,18
40,48,18
40,49,18
40,53,3
40,54,16
40,58,16
40,60,17
40,62,11
40,63,16
40,64,9
40,67,5
40,71,1
40,73,17
40,74,12
40,75,4
40,76,9
40,77,16
40,79,6
40,81,2
40,83,10
40,85,17
40,88,5
40,89,16
40,90,1
40,92,18
40,93,3
40,97,6
40,98,10
40,99,13
40,100,10
40,101,12
40,103,20
40,104,11
40,106,8
40,114,15
40,115,16
40,118,7
40,122,13
40,123,11
40,125,12
40,126,3
40,127,8
40,129,15
40,131,8
40,132,11
40,134,18
40,136,19
40,137,7
40,139,13
40,141,20
40,144,18
40,147,1
40,148,4
40,149,3
40,151,17
40,153,4
40,158,4
40,160,20
40,163,19
40,165,19
40,170,20
40,172,19
40,178,17
41,43,5
41,45,16
41,46,12
41,49,10
41,51,7
41,53,9
41,56,9
41,57,1
41,60,5
41,62,3
41,63,19
41,64,12
41,66,11
41,67,8
41,68,2
41,69,5
41,70,8
41,71,18
41,73,9
41,74,13
41,75,6
41,76,12
41,77,9
41,80,10
41,81,4
41,84,5
41,85,18
41,86,12
41,88,2
41,89,2
41,92,4
41,94,20
41,95,14
41,96,12
41,97,18
41,99,19
41,100,15
41,101,7
41,102,4
41,103,14
41,104,3
41,106,1
41,107,12
41,109,8
41,110,13
41,111,14
41,115,5
41,119,17
41,121,10
41,122,17
41,123,1
41,125,6
41,126,5
41,127,16
41,129,8
41,131,14
41,134,10
41,139,15
41,141,19
41,143,7
41,144,15
41,147,20
41,149,7
41,150,11
41,152,15
41,153,7
41,154,13
41,157,13
41,158,7
41,160,2
41,161,16
41,162,5
41,166,20
41,167,14
41,170,6
41,172,14
41,173,4
41,176,10
41,177,1
41,178,2
41,179,4
42,43,18
42,45,5
42,47,3
42,48,4
42,50,15
42,51,15
42,54,3
42,58,16
42,61,2
42,63,7
42,64,9
42,66,8
42,67,3
42,69,13
42,70,10
42,72,12
42,73,19
42,75,11
42,77,7
42,78,15
42,79,1
42,80,14
42,81,18
42,82,11
42,86,10
42,87,5
42,88,12
42,92,14
42,93,7
42,95,20
42,96,16
42,101,5
42,106,19
42,108,12
42,109,13
42,111,18
42,113,16
42,114,9
42,115,3
42,117,1
42,119,6
42,122,7
42,124,16
42,126,16
42,127,14
42,128,19
42,129,12
42,130,4
42,131,8
42,133,3
42,136,15
42,137,2
42,138,3
42,139,7
42,140,12
42,142,8
42,143,20
42,146,13
42,147,8
42,150,9
42,154,17
42,155,7
42,157,14
42,161,1
42,163,14
42,165,10
42,166,18
42,171,14
42,172,9
42,173,12
42,176,6
42,178,12
42,179,14
43,47,7
43,49,18
43,54,18
43,56,12
43,60,14
43,61,7
43,62,4
43,63,20
43,64,9
43,65,12
43,66,19
43,68,16
43,69,5
43,73,15
43,74,5
43,77,9
43,78,10
43,79,1
43,80,18
43,82,5
43,83,2
43,87,5
43,88,7
43,89,3
43,91,10
43,92,4
43,94,15
43,96,11
43,102,15
43,104,12
43,105,9
43,106,5
43,107,16
43,109,10
43,110,6
43,111,13
43,112,2
43,113,18
43,115,10
43,116,5
43,117,11
43,121,9
43,122,19
43,126,9
43,129,12
43,133,3
43,134,3
43,135,1
43,138,6
43,141,2
43,142,3
43,143,6
43,144,19
43,147,10
43,154,4
43,156,17
43,160,20
43,163,19
43,166,7
43,167,9
43,169,7
43,172,17
43,173,13
43,175,4
43,178,18
43,179,4
44,45,19
44,46,20
44,50,10
44,53,3
44,54,4
44,55,7
44,56,20
44,57,1
44,58,10
44,59,3
44,60,10
44,61,6
44,62,10
44,64,16
44,65,11
44,68,1
44,70,9
44,77,13
44,79,10
44,81,14
44,82,18
44,83,7
44,84,18
44,86,6
44,87,7
44,88,1
44,94,1
44,95,6
44,97,14
44,100,10
44,102,3
44,105,18
44,106,9
44,107,3
44,108,15
44,111,4
44,112,6
44,114,20
44,116,17
44,117,5
44,119,8
44,120,4
44,121,5
44,122,18
44,124,4
44,125,14
44,126,9
44,127,4
44,130,20
44,131,2
44,132,14
44,133,6
44,135,14
44,136,16
44,138,16
44,141,19
44,142,7
44,143,8
44,144,6
44,145,5
44,146,4
44,147,12
44,149,15
44,153,17
44,154,15
44,155,5
44,161,18
44,163,3
44,166,13
44,167,16
44,168,20
44,169,5
44,170,11
44,171,13
44,172,19
44,173,16
44,175,4
44,177,6
44,178,15
45,48,6
45,49,7
45,50,9
45,51,5
45,52,4
45,54,5
45,55,12
45,56,10
45,57,7
45,64,11
45,65,6
45,66,11
45,67,20
45,68,2
45,69,2
45,70,7
45,71,11
45,72,10
45,73,6
45,75,9
45,79,6
45,82,14
45,87,20
45,88,8
45,91,8
45,92,16
45,104,13
45,105,9
45,107,2
45,108,12
45,109,9
45,111,4
45,113,14
45,115,12
45,116,10
45,117,17
45,119,20
45,120,20
45,122,17
45,123,4
45,124,16
45,129,9
45,131,11
45,134,5
45,137,1
45,141,12
45,142,19
45,145,19
45,146,16
45,149,12
45,151,16
45,153,12
45,154,3
45,157,6
45,160,7
45,163,18
45,165,9
45,167,18
45,169,11
45,171,14
45,172,1
45,173,4
45,174,7
45,177,1
45,179,3
46,48,8
46,49,2
46,51,15
46,52,20
46,54,14
46,55,4
46,58,17
46,59,1
46,60,18
46,61,10
46,64,2
46,65,7
46,66,8
46,68,11
46,72,8
46,74,6
46,85,4
46,86,3
46,89,11
46,90,19
46,92,7
46,93,8
46,94,19
46,96,18
46,99,18
46,101,15
46,102,10
46,105,5
46,112,18
46,113,4
46,114,9
46,116,19
46,117,11
46,118,10
46,120,12
46,121,8
46,122,2
46,123,19
46,124,7
46,125,2
46,126,16
46,127,9
46,129,16
46,130,13
46,132,14
46,134,18
46,135,8
46,138,9
46,139,2
46,141,12
46,143,3
46,146,1
46,148,10
46,149,9
46,150,12
46,151,18
46,156,10
46,157,8
46,159,6
46,162,7
46,163,3
46,165,6
46,167,5
46,168,2
46,170,3
46,177,4
47,48,16
47,51,13
47,52,1
47,54,14
47,55,2
47,56,19
47,57,18
47,58,12
47,59,1
47,62,15
47,63,17
47,64,4
47,65,1
47,66,4
47,73,16
47,75,7
47,76,15
47,77,20
47,78,3
47,82,7
47,85,10
47,88,11
47,89,13
47,95,8
47,99,2
47,100,13
47,101,9
47,102,17
47,105,15
47,106,10
47,107,16
47,108,20
47,110,5
47,112,1
47,113,13
47,115,6
47,123,15
47,125,19
47,126,12
47,127,8
47,130,2
47,131,19
47,134,1
47,136,12
47,137,2
47,138,9
47,139,18
47,141,11
47,142,15
47,145,18
47,146,14
47,148,4
47,149,7
47,151,14
47,152,19
47,158,19
47,159,19
47,161,17
47,162,19
47,164,18
47,165,20
47,168,13
47,169,12
47,171,13
47,172,14
47,175,3
47,176,12
47,177,12
47,179,11
48,50,16
48,54,13
48,55,8
48,56,12
48,57,13
48,59,1
48,60,9
48,64,8
48,65,8
48,68,2
48,69,15
48,72,12
48,73,20
48,74,8
48,77,17
48,78,7
48,79,3
48,81,17
48,83,9
48,85,16
48,92,8
48,96,17
48,97,18
48,99,5
48,103,19
48,105,2
48,106,13
48,107,20
48,109,19
48,110,4
48,116,8
48,118,14
48,120,9
48,121,7
48,123,2
48,124,8
48,125,11
48,126,3
48,127,15
48,129,3
48,131,13
48,132,4
48,133,3
48,134,8
48,135,20
48,137,17
48,138,4
48,139,8
48,142,7
48,145,10
48,146,18
48,147,9
48,148,18
48,150,5
48,151,17
48,152,19
48,153,8
48,154,4
48,155,6
48,161,7
48,162,2
48,165,11
48,166,7
48,171,7
48,172,6
48,173,18
48,174,17
48,175,8
48,177,12
49,50,1
49,52,16
49,54,3
49,56,7
49,57,11
49,58,18
49,59,7
49,61,7
49,64,14
49,66,3
49,71,12
49,74,11
49,78,8
49,79,13
49,81,5
49,82,10
49,83,15
49,85,2
49,86,5
49,87,2
49,89,18
49,90,6
49,91,2
49,92,10
49,94,19
49,95,6
49,97,6
49,103,13
49,105,20
49,107,9
49,108,15
49,111,4
49,114,2
49,115,9
49,123,18
49,126,1
49,128,19
49,129,13
49,130,7
49,132,6
49,133,17
49,138,5
49,139,9
49,140,1
49,141,16
49,143,2
49,146,12
49,147,13
49,151,9
49,155,8
49,160,8
49,162,8
49,163,20
49,164,13
49,165,19
49,167,1
49,168,3
49,169,14
49,171,9
49,172,15
49,173,12
49,174,18
49,178,12
50,51,14
50,52,7
50,55,8
50,57,14
50,58,16
50,60,4
50,63,19
50,64,18
50,68,4
50,70,6
50,71,20
50,72,3
50,74,17
50,79,15
50,80,10
50,81,15
50,82,5
50,83,14
50,87,12
50,88,12
50,89,10
50,91,14
50,92,14
50,93,17
50,94,19
50,95,2
50,98,1
50,100,17
50,103,1
50,105,1
50,106,4
50,107,9
50,108,17
50,110,20
50,111,12
50,112,16
50,113,16
50,115,8
50,118,19
50,119,16
50,120,1
50,122,6
50,123,12
50,124,3
50,125,13
50,127,9
50,128,15
50,129,9
50,130,17
50,131,11
50,133,20
50,134,2
50,135,15
50,137,6
50,141,14
50,142,5
50,149,20
50,150,9
50,151,17
50,152,4
50,153,2
50,155,16
50,165,2
50,167,7
50,168,11
50,169,14
50,170,7
50,172,19
50,175,8
50,176,17
50,179,3
51,52,2
51,53,20
51,54,17
51,55,4
51,56,18
51,58,3
51,60,5
51,66,10
51,67,4
51,68,6
51,74,7
51,75,8
51,78,12
51,79,8
51,80,3
51,82,20
51,84,17
51,85,10
51,86,19
51,87,3
51,90,12
51,93,6
51,99,8
51,103,2
51,105,15
51,108,4
51,109,17
51,110,17
51,114,13
51,115,15
51,119,6
51,120,15
51,121,8
51,128,4
51,129,9
51,133,10
51,135,13
51,136,6
51,137,3
51,138,17
51,140,4
51,141,18
51,142,14
51,144,11
51,147,13
51,150,19
51,151,8
51,157,11
51,160,2
51,163,15
51,165,1
51,168,3
51,171,20
51,172,13
51,176,2
51,177,10
52,58,1
52,65,19
52,66,5
52,67,19
52,68,2
52,70,4
52,71,4
52,72,20
52,73,3
52,74,6
52,76,5
52,77,1
52,80,17
52,81,12
52,83,11
52,84,18
52,85,17
52,86,17
52,92,7
52,94,12
52,98,2
52,106,3
52,109,9
52,113,14
52,116,15
52,119,20
52,120,15
52,121,15
52,124,11
52,127,15
52,128,18
52,129,14
52,130,9
52,131,7
52,132,14
52,133,17
52,134,12
52,136,1
52,139,11
52,147,20
52,152,13
52,153,18
52,155,17
52,158,19
52,159,1
52,162,5
52,163,7
52,167,15
52,168,18
52,172,11
52,175,18
52,176,11
52,177,10
53,56,14
53,60,9
53,62,8
53,63,16
53,64,1
53,68,3
53,70,9
53,72,10
53,79,10
53,81,10
53,88,19
53,90,11
53,91,18
53,92,15
53,93,5
53,95,9
53,96,5
53,97,3
53,98,6
53,99,10
53,100,10
53,102,17
53,104,17
53,106,5
53,108,11
53,110,4
53,111,10
53,113,5
53,115,17
53,116,5
53,117,17
53,121,10
53,123,16
53,126,4
53,128,10
53,129,18
53,130,20
53,131,11
53,133,8
53,137,18
53,139,19
53,143,17
53,147,12
53,149,4
53,151,16
53,153,19
53,154,15
53,155,7
53,157,3
53,159,5
53,164,2
53,165,8
53,169,16
53,170,6
53,173,17
53,174,11
53,179,3
54,56,7
54,58,2
54,60,5
54,63,6
54,66,11
54,68,5
54,73,15
54,74,9
54,76,6
54,78,18
54,83,14
54,85,1
54,88,14
54,89,4
54,92,9
54,93,8
54,94,20
54,95,18
54,99,17
54,100,9
54,102,20
54,106,6
54,109,14
54,112,16
54,113,7
54,115,20
54,116,6
54,117,7
54,125,8
54,126,12
54,128,20
54,129,20
54,133,17
54,134,18
54,135,8
54,138,8
54,139,3
54,140,19
54,141,19
54,143,19
54,151,19
54,154,4
54,155,6
54,156,12
54,157,12
54,158,13
54,160,7
54,161,19
54,162,18
54,163,14
54,167,12
54,170,17
54,171,4
54,172,20
54,173,13
54,174,2
54,177,6
54,178,20
54,179,12
55,57,9
55,59,13
55,68,14
55,70,13
55,71,17
55,76,6
55,77,15
55,79,6
55,82,17
55,85,9
55,86,15
55,90,16
55,94,9
55,96,12
55,97,17
55,98,4
55,100,18
55,103,5
55,104,20
55,106,4
55,107,17
55,111,14
55,113,9
55,114,10
55,115,3
55,121,11
55,122,19
55,123,4
55,124,18
55,125,1
55,126,19
55,128,16
55,129,5
55,130,8
55,131,15
55,136,14
55,138,12
55,139,17
55,140,15
55,141,17
55,142,5
55,143,13
55,144,15
55,145,9
55,148,8
55,150,16
55,156,5
55,160,20
55,164,12
55,165,7
55,166,18
55,167,2
55,170,8
55,171,9
55,172,12
55,173,19
55,177,13
55,179,2
56,57,7
56,59,4
56,60,1
56,62,7
56,63,11
56,64,18
56,65,8
56,66,12
56,67,4
56,68,6
56,70,13
56,71,12
56,74,16
56,81,8
56,82,17
56,84,16
56,85,16
56,86,8
56,88,3
56,89,12
56,90,12
56,91,11
56,92,2
56,93,17
56,94,5
56,96,9
56,97,11
56,100,9
56,102,2
56,104,1
56,105,11
56,109,6
56,113,11
56,114,12
56,115,20
56,116,12
56,121,6
56,122,17
56,124,7
56,126,7
56,127,2
56,129,19
56,131,7
56,132,2
56,133,13
56,134,20
56,135,17
56,138,13
56,139,18
56,143,7
56,145,14
56,147,1
56,150,7
56,151,6
56,155,4
56,156,11
56,158,1
56,159,19
56,160,15
56,162,10
56,164,17
56,166,12
56,167,7
56,171,20
56,172,4
56,174,20
56,175,12
56,178,20
57,58,11
57,60,17
57,62,18
57,63,17
57,64,13
57,65,4
57,66,15
57,69,3
57,71,15
57,76,13
57,77,17
57,79,5
57,81,12
57,86,18
57,87,5
57,88,12
57,91,1
57,95,7
57,96,19
57,97,20
57,100,13
57,101,15
57,102,9
57,103,4
57,106,20
57,109,9
57,110,1
57,111,9
57,112,6
57,116,1
57,119,20
57,126,15
57,128,7
57,131,10
57,132,9
57,135,2
57,136,13
57,139,3
57,140,8
57,143,16
57,144,2
57,146,9
57,147,15
57,148,17
57,150,18
57,154,18
57,155,3
57,157,9
57,158,7
57,162,7
57,163,17
57,164,17
57,165,17
57,166,9
57,168,6
57,170,13
57,171,4
57,172,16
57,173,14
57,175,9
57,176,6
57,178,13
57,179,12
58,60,17
58,66,20
58,67,4
58,72,18
58,73,18
58,74,5
58,76,1
58,80,2
58,82,14
58,83,10
58,84,18
58,85,17
58,87,5
58,91,6
58,93,2
58,96,4
58,98,20
58,100,15
58,101,11
58,106,9
58,110,4
58,115,16
58,116,18
58,117,18
58,121,10
58,124,1
58,127,8
58,128,8
58,130,8
58,131,19
58,132,8
58,135,11
58,136,20
58,137,8
58,138,2
58,140,6
58,145,14
58,146,13
58,147,17
58,148,17
58,150,18
58,151,12
58,152,20
58,153,2
58,155,10
58,157,16
58,160,17
58,161,9
58,163,15
58,166,19
58,167,1
58,169,4
58,173,8
58,176,20
58,179,7
59,63,5
59,65,13
59,66,11
59,69,19
59,70,14
59,71,7
59,73,10
59,76,4
59,79,1
59,80,4
59,81,19
59,85,11
59,86,1
59,87,13
59,88,8
59,89,18
59,91,7
59,93,13
59,94,14
59,98,9
59,99,20
59,103,15
59,105,13
59,106,12
59,109,16
59,110,12
59,114,14
59,117,5
59,118,8
59,120,4
59,123,13
59,125,4
59,126,14
59,127,6
59,128,19
59,129,12
59,131,20
59,132,14
59,135,20
59,139,19
59,140,17
59,143,6
59,144,17
59,145,9
59,147,14
59,148,20
59,149,13
59,154,6
59,155,20
59,156,1
59,157,1
59,163,2
59,164,9
59,166,10
59,167,12
59,168,2
59,170,5
59,173,3
59,175,8
59,177,12
59,179,20
60,62,11
60,66,4
60,67,17
60,69,7
60,70,16
60,71,10
60,72,10
60,73,15
60,74,18
60,75,8
60,76,9
60,77,19
60,79,17
60,80,7
60,85,5
60,86,13
60,89,6
60,92,2
60,93,2
60,94,12
60,95,14
60,97,15
60,98,13
60,101,19
60,102,1
60,104,7
60,105,2
60,106,7
60,109,17
60,114,4
60,115,19
60,116,8
60,117,20
60,119,12
60,120,8
60,121,6
60,122,8
60,124,6
60,125,6
60,127,16
60,131,10
60,134,2
60,137,8
60,138,5
60,142,3
60,144,7
60,151,2
60,152,15
60,158,5
60,159,6
60,160,7
60,161,12
60,163,11
60,164,16
60,165,6
60,167,10
60,173,19
60,174,13
60,175,19
60,177,10
60,179,13
61,62,15
61,66,19
61,68,14
61,74,10
61,79,18
61,80,6
61,81,14
61,83,10
61,84,4
61,86,16
61,88,20
61,89,2
61,90,12
61,92,2
61,93,7
61,94,13
61,97,11
61,99,15
61,100,6
61,101,6
61,102,3
61,105,20
61,106,20
61,109,4
61,115,1
61,116,15
61,117,20
61,118,3
61,120,12
61,122,11
61,123,9
61,125,2
61,126,10
61,128,17
61,129,2
61,130,15
61,134,9
61,135,6
61,138,1
61,139,2
61,140,19
61,141,11
61,142,10
61,143,19
61,144,6
61,145,18
61,146,19
61,149,9
61,150,1
61,151,10
61,152,5
61,153,2
61,154,2
61,156,2
61,159,6
61,161,14
61,162,14
61,163,5
61,164,10
61,168,16
61,169,16
61,170,19
61,175,3
61,177,11
61,179,3
62,66,2
62,68,10
62,71,15
62,72,17
62,73,8
62,76,5
62,78,12
62,81,7
62,83,17
62,85,14
62,86,8
62,87,10
62,88,8
62,91,18
62,92,20
62,94,14
62,96,10
62,98,8
62,99,20
62,100,4
62,101,15
62,102,2
62,103,17
62,105,2
62,108,8
62,110,12
62,112,14
62,113,16
62,114,4
62,115,6
62,117,8
62,118,6
62,121,11
62,122,19
62,123,5
62,124,1
62,126,19
62,128,16
62,130,10
62,131,13
62,135,16
62,136,5
62,138,2
62,139,5
62,140,11
62,143,4
62,148,20
62,149,13
62,152,13
62,153,11
62,156,8
62,158,11
62,159,5
62,165,10
62,169,8
62,172,8
62,174,19
62,175,3
62,178,17
63,64,9
63,65,18
63,66,11
63,68,12
63,69,6
63,71,11
63,74,4
63,75,4
63,77,20
63,78,15
63,79,20
63,80,11
63,81,14
63,82,10
63,83,20
63,84,4
63,85,11
63,86,12
63,87,5
63,90,20
63,91,6
63,93,16
63,94,5
63,97,2
63,100,11
63,103,17
63,104,5
63,108,15
63,110,10
63,111,11
63,113,3
63,117,10
63,119,3
63,120,4
63,121,10
63,123,18
63,124,4
63,125,2
63,126,6
63,128,7
63,130,12
63,132,6
63,135,20
63,136,8
63,141,19
63,144,14
63,145,17
63,146,16
63,148,4
63,150,15
63,151,11
63,152,7
63,153,11
63,155,17
63,156,12
63,158,20
63,160,7
63,161,1
63,162,8
63,164,9
63,165,6
63,168,10
63,169,3
63,170,19
63,174,13
63,177,13
64,67,16
64,69,18
64,72,12
64,73,20
64,75,6
64,76,17
64,77,3
64,78,12
64,80,14
64,81,14
64,82,1
64,83,19
64,87,14
64,92,11
64,93,5
64,98,3
64,100,15
64,102,20
64,104,17
64,108,8
64,109,3
64,111,13
64,114,13
64,115,13
64,116,5
64,117,18
64,118,2
64,120,15
64,124,4
64,126,3
64,130,5
64,131,3
64,134,9
64,137,9
64,138,12
64,139,7
64,140,10
64,141,12
64,144,3
64,145,16
64,149,4
64,150,7
64,155,7
64,157,20
64,158,8
64,159,13
64,161,6
64,162,6
64,164,19
64,166,16
64,167,18
64,170,20
64,171,1
64,173,9
64,174,1
64,175,8
64,176,18
64,177,20
64,179,11
65,67,11
65,69,3
65,70,7
65,72,10
65,73,19
65,74,12
65,76,3
65,77,3
65,79,15
65,80,10
65,81,6
65,87,20
65,88,14
65,89,7
65,90,6
65,91,16
65,92,3
65,93,7
65,94,19
65,96,3
65,97,2
65,99,14
65,101,14
65,102,20
65,105,17
65,106,12
65,107,4
65,108,3
65,109,10
65,111,14
65,113,20
65,114,7
65,115,6
65,117,1
65,119,6
65,122,7
65,123,19
65,124,12
65,128,9
65,132,3
65,134,17
65,135,10
65,136,4
65,140,13
65,141,6
65,147,5
65,148,20
65,149,17
65,150,13
65,153,10
65,156,7
65,157,5
65,160,11
65,162,15
65,163,12
65,164,18
65,165,7
65,166,18
65,169,9
65,170,3
65,171,19
65,173,16
65,175,5
65,176,7
65,179,1
66,67,8
66,70,4
66,73,13
66,77,1
66,82,1
66,83,4
66,85,8
66,86,10
66,88,15
66,89,3
66,90,9
66,91,17
66,92,17
66,95,1
66,97,3
66,98,12
66,101,6
66,104,19
66,107,15
66,109,8
66,113,7
66,115,4
66,117,17
66,119,2
66,120,2
66,128,4
66,131,11
66,134,20
66,138,1
66,139,20
66,141,6
66,142,17
66,144,9
66,146,3
66,147,19
66,149,9
66,151,19
66,154,13
66,155,20
66,156,13
66,157,15
66,158,1
66,159,20
66,160,18
66,161,3
66,162,1
66,163,20
66,164,12
66,166,19
66,167,17
66,168,10
66,171,17
66,172,6
66,173,16
66,174,14
66,175,11
67,71,6
67,72,18
67,75,17
67,76,6
67,77,1
67,81,20
67,82,10
67,83,16
67,84,19
67,85,4
67,90,5
67,91,14
67,92,13
67,93,1
67,94,10
67,95,18
67,98,1
67,100,15
67,101,10
67,103,16
67,104,4
67,105,1
67,106,19
67,108,16
67,109,17
67,110,12
67,112,20
67,113,4
67,115,8
67,116,16
67,117,6
67,118,2
67,119,16
67,121,7
67,122,1
67,123,2
67,124,15
67,126,18
67,127,2
67,129,18
67,134,14
67,137,10
67,138,19
67,139,12
67,143,18
67,145,13
67,146,11
67,148,3
67,149,2
67,150,10
67,152,13
67,154,1
67,155,2
67,156,4
67,158,14
67,160,15
67,163,19
67,164,7
67,169,12
67,170,8
67,171,11
67,172,1
67,173,6
67,174,4
67,175,12
67,176,9
67,178,7
67,179,9
68,69,9
68,70,6
68,76,2
68,77,7
68,79,14
68,82,3
68,89,4
68,91,16
68,93,20
68,94,10
68,95,7
68,98,8
68,101,5
68,102,4
68,103,5
68,105,14
68,108,2
68,109,4
68,110,17
68,111,6
68,116,1
68,119,20
68,124,19
68,125,18
68,126,19
68,129,11
68,130,20
68,136,7
68,138,3
68,139,20
68,140,14
68,148,6
68,150,12
68,153,13
68,154,20
68,155,10
68,157,2
68,158,17
68,160,1
68,162,9
68,163,20
68,165,13
68,170,12
68,171,4
68,172,19
68,173,3
68,174,3
68,176,2
68,177,12
68,179,14
69,70,6
69,71,19
69,74,13
69,75,5
69,77,4
69,79,4
69,83,11
69,84,11
69,89,7
69,91,4
69,93,3
69,94,2
69,96,20
69,97,20
69,98,14
69,102,11
69,106,9
69,108,3
69,112,6
69,120,15
69,123,8
69,124,10
69,128,15
69,129,1
69,131,2
69,132,12
69,134,15
69,136,5
69,137,5
69,138,16
69,139,13
69,143,13
69,144,11
69,145,20
69,146,20
69,147,2
69,150,10
69,152,11
69,155,13
69,157,11
69,160,14
69,166,17
69,169,15
69,172,18
69,173,8
69,175,16
69,176,11
69,177,18
69,179,15
70,71,16
70,76,10
70,77,1
70,79,13
70,85,18
70,86,20
70,87,14
70,90,17
70,91,3
70,93,11
70,94,6
70,95,19
70,99,13
70,100,4
70,101,8
70,102,13
70,104,7
70,106,14
70,108,2
70,110,1
70,112,13
70,115,10
70,117,11
70,118,14
70,119,12
70,121,3
70,123,10
70,124,2
70,125,9
70,126,11
70,128,16
70,131,13
70,132,6
70,136,20
70,137,20
70,141,7
70,142,7
70,147,2
70,149,7
70,150,8
70,151,8
70,155,1
70,156,8
70,157,11
70,159,17
70,160,2
70,162,9
70,163,5
70,165,15
70,166,10
70,167,19
70,168,7
70,170,2
70,172,20
70,176,5
70,177,15
71,72,12
71,75,12
71,77,10
71,79,13
71,81,20
71,83,3
71,84,19
71,86,14
71,87,19
71,90,14
71,93,14
71,94,2
71,95,6
71,96,8
71,97,19
71,101,20
71,105,10
71,107,1
71,109,12
71,111,16
71,112,8
71,113,7
71,114,11
71,117,16
71,118,6
71,119,11
71,123,11
71,129,10
71,132,6
71,133,14
71,134,8
71,135,12
71,136,11
71,138,6
71,142,14
71,143,14
71,144,18
71,145,2
71,146,14
71,147,2
71,148,10
71,149,1
71,151,11
71,152,2
71,155,19
71,157,8
71,160,11
71,162,19
71,165,5
71,168,8
71,171,2
71,172,10
71,176,12
72,73,4
72,74,14
72,77,20
72,78,17
72,79,16
72,82,5
72,84,6
72,87,9
72,89,3
72,91,15
72,94,20
72,95,15
72,96,5
72,101,9
72,104,2
72,105,4
72,106,7
72,111,4
72,113,2
72,114,13
72,117,8
72,118,3
72,123,15
72,127,1
72,128,1
72,129,8
72,131,9
72,132,6
72,135,18
72,137,4
72,139,6
72,141,19
72,144,2
72,145,2
72,146,18
72,147,4
72,148,18
72,153,3
72,155,14
72,157,12
72,159,11
72,160,12
72,161,6
72,162,3
72,163,8
72,170,17
72,174,15
72,176,8
72,177,17
73,74,1
73,75,12
73,76,11
73,84,18
73,87,8
73,88,15
73,90,1
73,91,9
73,92,14
73,95,4
73,96,7
73,99,3
73,100,14
73,104,14
73,106,2
73,107,19
73,108,10
73,110,5
73,118,7
73,122,16
73,125,8
73,127,2
73,129,2
73,132,5
73,133,15
73,136,16
73,137,16
73,138,14
73,140,6
73,141,8
73,144,8
73,148,6
73,150,17
73,151,19
73,154,3
73,156,9
73,158,8
73,160,6
73,162,20
73,163,1
73,167,5
73,170,3
73,171,8
73,174,7
73,175,19
73,176,7
73,178,20
74,75,20
74,79,15
74,81,12
74,84,14
74,86,20
74,87,16
74,88,17
74,89,4
74,91,8
74,93,11
74,95,11
74,97,15
74,98,18
74,99,2
74,100,20
74,101,14
74,102,11
74,103,7
74,104,19
74,109,11
74,111,5
74,112,1
74,114,1
74,115,4
74,118,8
74,119,1
74,120,11
74,121,12
74,124,19
74,126,20
74,129,18
74,132,9
74,136,11
74,137,2
74,138,16
74,140,9
74,143,1
74,144,8
74,145,2
74,146,16
74,149,19
74,150,10
74,151,3
74,152,20
74,153,4
74,154,12
74,160,18
74,162,13
74,164,15
74,166,10
74,168,17
74,171,2
74,172,9
74,178,16
74,179,20
75,78,1
75,79,11
75,80,13
75,82,1
75,83,15
75,87,18
75,89,7
75,90,4
75,92,4
75,96,6
75,97,6
75,102,6
75,103,19
75,105,7
75,106,1
75,108,14
75,111,11
75,116,2
75,118,17
75,119,9
75,120,8
75,121,9
75,125,18
75,129,1
75,130,6
75,133,6
75,135,16
75,140,18
75,141,8
75,142,19
75,149,7
75,152,2
75,155,16
75,160,20
75,161,10
75,163,17
75,164,13
75,166,1
75,168,18
75,169,17
75,170,10
75,172,14
75,173,10
75,175,12
75,176,5
75,178,6
75,179,4
76,79,13
76,81,5
76,84,8
76,86,9
76,88,18
76,89,7
76,91,6
76,95,3
76,97,8
76,99,18
76,103,1
76,112,6
76,113,6
76,114,12
76,115,10
76,119,8
76,121,3
76,123,17
76,125,9
76,127,5
76,128,9
76,129,6
76,132,6
76,133,6
76,135,5
76,136,8
76,137,17
76,138,9
76,140,16
76,141,1
76,142,6
76,144,2
76,146,2
76,150,7
76,152,19
76,153,18
76,154,11
76,160,8
76,161,5
76,164,15
76,169,12
76,170,3
76,171,16
76,172,3
76,173,13
76,174,16
76,178,1
76,179,4
77,79,10
77,81,14
77,82,16
77,83,3
77,84,1
77,86,10
77,87,11
77,88,14
77,89,1
77,93,20
77,94,19
77,98,15
77,102,15
77,104,5
77,107,3
77,108,2
77,111,20
77,112,16
77,113,16
77,114,10
77,115,6
77,116,16
77,117,18
77,120,12
77,122,9
77,123,7
77,124,12
77,126,7
77,127,19
77,128,17
77,129,13
77,130,10
77,132,4
77,133,20
77,134,17
77,136,17
77,141,17
77,143,3
77,144,3
77,147,13
77,148,17
77,150,7
77,152,20
77,155,8
77,156,1
77,157,15
77,158,11
77,159,6
77,160,5
77,162,2
77,164,3
77,165,4
77,169,11
77,172,1
77,175,8
77,176,11
77,177,7
77,178,3
77,179,16
78,79,8
78,80,6
78,81,19
78,87,1
78,88,12
78,90,3
78,92,17
78,97,12
78,98,13
78,102,6
78,103,1
78,104,2
78,105,20
78,106,15
78,107,4
78,108,14
78,110,1
78,112,14
78,113,8
78,118,7
78,119,11
78,120,2
78,122,12
78,123,15
78,124,6
78,125,19
78,126,15
78,127,9
78,128,18
78,132,2
78,137,5
78,141,6
78,142,11
78,146,20
78,147,10
78,148,10
78,149,18
78,151,11
78,153,14
78,154,3
78,155,12
78,160,16
78,161,17
78,162,13
78,163,11
78,167,17
78,170,18
78,172,4
78,177,17
78,179,14
79,84,3
79,85,18
79,88,17
79,89,15
79,93,15
79,95,10
79,96,18
79,97,2
79,99,5
79,100,4
79,101,2
79,102,9
79,103,7
79,105,2
79,108,13
79,111,17
79,113,8
79,116,19
79,117,12
79,118,16
79,123,6
79,124,16
79,126,1
79,130,11
79,133,12
79,134,6
79,135,5
79,136,20
79,137,10
79,141,7
79,142,5
79,143,11
79,146,7
79,147,19
79,149,20
79,150,9
79,151,12
79,153,8
79,156,20
79,161,4
79,165,19
79,167,6
79,168,9
79,171,19
79,173,16
79,174,9
79,175,8
79,176,14
79,177,18
79,178,15
79,179,10
80,82,20
80,84,13
80,86,6
80,87,7
80,89,16
80,93,12
80,94,9
80,95,11
80,96,5
80,97,20
80,99,14
80,103,17
80,104,14
80,107,15
80,108,17
80,110,3
80,111,15
80,112,1
80,115,10
80,117,14
80,118,12
80,121,3
80,130,14
80,131,8
80,133,20
80,134,2
80,138,15
80,139,13
80,141,5
80,142,11
80,143,4
80,144,15
80,148,14
80,149,17
80,151,5
80,152,12
80,153,5
80,155,13
80,156,17
80,157,4
80,159,2
80,162,7
80,163,16
80,165,13
80,166,18
80,167,18
80,168,7
80,172,18
80,173,9
80,174,19
80,175,3
80,176,14
80,178,16
81,82,6
81,83,2
81,89,2
81,90,19
81,92,2
81,96,17
81,99,8
81,102,5
81,103,8
81,105,17
81,106,13
81,109,3
81,114,19
81,117,18
81,119,18
81,121,9
81,122,17
81,124,10
81,129,6
81,130,16
81,132,19
81,133,15
81,134,17
81,135,4
81,138,20
81,139,1
81,140,9
81,141,13
81,142,11
81,146,20
81,150,7
81,152,17
81,160,15
81,161,16
81,162,16
81,163,2
81,167,13
81,168,7
81,169,4
81,170,6
81,171,6
81,176,10
81,178,5
82,84,7
82,85,14
82,86,3
82,88,12
82,89,17
82,97,8
82,100,18
82,101,16
82,103,6
82,104,6
82,105,6
82,107,6
82,108,3
82,110,7
82,112,11
82,114,10
82,115,15
82,117,5
82,129,1
82,130,20
82,131,11
82,132,2
82,133,15
82,134,15
82,135,13
82,136,11
82,139,8
82,140,14
82,141,18
82,143,14
82,146,12
82,147,19
82,148,17
82,149,12
82,154,3
82,157,15
82,158,11
82,160,4
82,161,14
82,162,7
82,165,10
82,166,2
82,168,12
82,174,8
83,84,13
83,85,16
83,86,4
83,88,12
83,89,13
83,91,7
83,93,11
83,96,15
83,97,2
83,99,8
83,100,19
83,103,16
83,104,5
83,106,12
83,107,14
83,110,18
83,111,11
83,112,7
83,113,17
83,114,16
83,116,9
83,117,14
83,118,18
83,120,4
83,121,16
83,124,12
83,127,3
83,130,7
83,131,9
83,137,17
83,141,18
83,143,5
83,145,12
83,146,4
83,153,9
83,154,20
83,155,16
83,157,15
83,159,7
83,160,9
83,163,20
83,164,3
83,169,15
83,170,19
83,171,13
83,172,13
83,173,1
83,174,6
83,176,4
83,177,8
83,178,2
83,179,1
84,85,2
84,87,8
84,90,19
84,91,20
84,93,8
84,95,12
84,97,10
84,98,12
84,99,18
84,102,18
84,106,14
84,108,20
84,111,11
84,112,11
84,114,17
84,115,14
84,117,3
84,118,17
84,122,17
84,123,2
84,125,10
84,126,9
84,131,5
84,133,14
84,134,3
84,135,19
84,136,1
84,138,1
84,139,7
84,140,7
84,143,13
84,144,5
84,148,7
84,149,4
84,150,16
84,151,16
84,157,6
84,158,4
84,159,3
84,160,16
84,162,5
84,164,15
84,166,16
84,167,14
84,172,5
84,174,18
84,176,2
84,179,17
85,87,10
85,93,9
85,96,16
85,98,1
85,99,2
85,100,3
85,102,16
85,103,9
85,104,1
85,106,11
85,107,10
85,108,12
85,109,17
85,110,10
85,113,14
85,114,15
85,117,10
85,119,2
85,122,16
85,124,7
85,126,13
85,127,11
85,129,19
85,131,20
85,133,17
85,134,8
85,135,19
85,138,10
85,139,13
85,140,18
85,141,14
85,143,20
85,144,4
85,148,11
85,150,2
85,152,17
85,156,13
85,164,13
85,165,14
85,168,7
85,169,8
85,170,2
85,171,7
85,174,8
85,179,4
86,88,14
86,89,15
86,93,1
86,96,11
86,97,7
86,98,4
86,100,15
86,101,8
86,102,16
86,103,5
86,104,11
86,105,13
86,108,5
86,111,10
86,113,1
86,117,12
86,119,16
86,121,9
86,123,7
86,125,15
86,126,19
86,128,19
86,130,17
86,133,8
86,134,3
86,135,11
86,138,16
86,141,8
86,143,18
86,145,5
86,146,19
86,149,17
86,151,10
86,153,15
86,154,11
86,155,5
86,156,13
86,158,2
86,159,2
86,164,8
86,170,19
86,171,1
86,172,7
86,174,20
86,175,19
86,177,15
86,178,16
87,89,13
87,94,1
87,96,10
87,100,18
87,101,3
87,102,15
87,105,16
87,107,11
87,110,4
87,111,6
87,113,9
87,114,19
87,115,17
87,117,19
87,119,14
87,120,20
87,121,11
87,122,4
87,123,15
87,126,6
87,127,4
87,131,6
87,132,9
87,134,5
87,135,5
87,136,14
87,137,18
87,138,2
87,139,4
87,140,3
87,142,17
87,145,14
87,147,8
87,148,5
87,150,2
87,151,7
87,152,14
87,153,3
87,156,20
87,160,8
87,161,18
87,163,8
87,164,15
87,165,17
87,167,13
87,168,17
87,169,17
87,170,18
87,175,15
87,176,18
87,179,18
88,91,3
88,93,7
88,94,3
88,95,9
88,98,19
88,100,9
88,101,1
88,102,18
88,104,18
88,105,11
88,106,17
88,107,2
88,108,3
88,109,6
88,117,17
88,121,3
88,123,10
88,124,16
88,126,2
88,128,2
88,129,8
88,132,4
88,133,15
88,134,12
88,135,16
88,136,18
88,137,17
88,139,15
88,141,6
88,142,4
88,144,18
88,146,9
88,147,18
88,150,4
88,151,1
88,152,17
88,154,13
88,162,17
88,163,15
88,169,11
88,170,11
88,171,9
88,173,11
88,174,2
88,176,17
88,177,9
89,91,8
89,95,12
89,96,9
89,98,13
89,100,4
89,101,5
89,105,8
89,108,4
89,110,15
89,113,3
89,114,16
89,115,18
89,117,6
89,118,1
89,120,13
89,121,12
89,124,6
89,126,10
89,129,12
89,131,9
89,132,4
89,135,6
89,136,17
89,137,8
89,139,19
89,140,16
89,143,9
89,145,5
89,146,14
89,147,6
89,148,4
89,149,6
89,150,15
89,152,8
89,153,20
89,156,10
89,158,3
89,159,8
89,161,19
89,163,7
89,172,16
89,173,16
89,174,11
89,176,16
89,177,19
90,91,15
90,93,1
90,98,15
90,101,11
90,102,1
90,107,16
90,109,11
90,110,5
90,111,2
90,112,19
90,114,2
90,120,14
90,121,11
90,122,18
90,123,10
90,125,9
90,127,13
90,130,9
90,131,2
90,135,13
90,137,14
90,139,11
90,141,13
90,143,10
90,144,6
90,145,16
90,147,4
90,148,12
90,149,8
90,152,6
90,156,14
90,157,12
90,159,6
90,160,17
90,161,18
90,162,20
90,163,19
90,164,6
90,166,11
90,167,5
90,170,1
90,171,17
90,172,6
90,173,7
90,174,2
90,175,11
90,176,9
90,178,19
91,92,7
91,97,10
91,98,17
91,99,1
91,103,15
91,104,3
91,106,11
91,107,10
91,108,16
91,109,2
91,111,10
91,113,10
91,115,2
91,118,6
91,120,14
91,121,2
91,123,4
91,125,13
91,127,7
91,128,1
91,130,20
91,133,15
91,134,1
91,136,13
91,140,2
91,143,1
91,144,17
91,145,4
91,147,3
91,149,18
91,154,11
91,157,12
91,160,20
91,161,6
91,163,14
91,164,12
91,166,13
91,167,5
91,170,6
91,172,12
91,173,7
91,174,6
91,175,11
91,177,13
91,178,3
91,179,19
92,93,11
92,94,9
92,95,13
92,97,20
92,100,16
92,103,18
92,106,15
92,108,19
92,111,15
92,115,14
92,116,4
92,117,15
92,118,14
92,121,19
92,122,5
92,126,15
92,127,4
92,129,19
92,130,6
92,133,13
92,134,16
92,135,10
92,136,20
92,137,7
92,138,6
92,139,14
92,140,13
92,141,17
92,142,13
92,146,9
92,152,8
92,156,18
92,158,14
92,159,9
92,163,5
92,164,17
92,167,9
92,168,2
92,169,17
92,170,4
92,172,12
92,173,2
92,174,10
92,176,11
92,177,9
92,179,12
93,95,10
93,96,19
93,97,14
93,98,2
93,100,17
93,110,15
93,111,8
93,112,19
93,119,17
93,123,19
93,125,2
93,129,19
93,130,15
93,131,13
93,133,8
93,136,5
93,138,16
93,141,8
93,144,12
93,147,11
93,150,5
93,151,10
93,152,1
93,155,4
93,156,14
93,157,9
93,158,3
93,159,14
93,160,20
93,165,17
93,167,4
93,170,13
93,172,17
93,173,14
93,175,13
93,176,8
93,178,13
93,179,5
94,95,19
94,101,12
94,104,1
94,106,17
94,107,18
94,110,3
94,111,18
94,112,17
94,114,8
94,115,1
94,116,7
94,118,16
94,121,14
94,124,9
94,126,1
94,128,20
94,133,2
94,134,2
94,135,14
94,136,8
94,139,12
94,141,19
94,142,11
94,143,9
94,145,13
94,146,3
94,147,8
94,149,5
94,151,18
94,153,7
94,154,16
94,156,10
94,157,12
94,159,4
94,162,19
94,163,16
94,165,15
94,166,17
94,167,1
94,168,14
94,169,3
94,171,19
94,173,20
94,175,13
94,177,9
95,96,16
95,98,12
95,99,15
95,100,7
95,102,9
95,110,15
95,112,1
95,113,4
95,114,10
95,116,19
95,117,6
95,118,6
95,119,4
95,120,1
95,121,19
95,122,20
95,125,5
95,128,3
95,129,14
95,134,10
95,136,12
95,137,19
95,138,5
95,139,19
95,140,15
95,141,5
95,142,5
95,147,2
95,148,5
95,151,2
95,154,18
95,155,15
95,156,17
95,158,6
95,159,18
95,160,12
95,161,9
95,162,8
95,163,15
95,164,7
95,166,4
95,167,3
95,168,1
95,169,6
95,172,2
95,174,20
95,175,18
95,176,13
95,178,20
96,97,7
96,98,5
96,100,11
96,103,7
96,104,15
96,106,18
96,108,18
96,110,15
96,111,14
96,112,1
96,113,3
96,114,19
96,115,2
96,116,2
96,117,14
96,118,4
96,119,1
96,122,3
96,123,14
96,125,3
96,128,17
96,131,13
96,133,13
96,135,10
96,137,7
96,139,15
96,142,16
96,144,11
96,145,3
96,147,15
96,148,19
96,151,18
96,153,20
96,155,10
96,157,6
96,158,17
96,159,10
96,160,5
96,161,12
96,163,12
96,164,18
96,166,18
96,168,5
96,170,7
96,172,16
96,174,6
96,176,12
97,98,12
97,101,15
97,102,12
97,106,2
97,107,1
97,108,3
97,110,18
97,112,1
97,115,14
97,119,16
97,120,3
97,121,1
97,122,5
97,124,13
97,125,12
97,126,15
97,127,2
97,128,19
97,129,1
97,131,8
97,132,16
97,133,17
97,135,2
97,137,14
97,140,20
97,141,4
97,143,1
97,144,20
97,146,11
97,150,7
97,154,3
97,155,13
97,158,9
97,163,4
97,166,18
97,168,7
97,174,9
97,175,8
97,178,19
97,179,3
98,103,20
98,106,11
98,107,15
98,108,1
98,110,4
98,111,14
98,115,16
98,116,14
98,119,19
98,120,6
98,122,16
98,123,2
98,124,18
98,128,8
98,130,11
98,131,11
98,132,6
98,134,12
98,135,4
98,137,10
98,141,2
98,145,7
98,146,4
98,148,17
98,149,20
98,150,13
98,151,2
98,152,16
98,154,13
98,158,9
98,159,19
98,160,13
98,161,9
98,165,13
98,167,7
98,168,8
98,172,13
98,173,19
98,174,14
98,178,9
98,179,16
99,101,5
99,102,16
99,104,20
99,108,1
99,109,14
99,110,17
99,114,7
99,117,10
99,118,15
99,119,12
99,120,3
99,121,3
99,122,8
99,124,12
99,126,19
99,127,1
99,128,19
99,129,7
99,135,3
99,141,8
99,144,14
99,145,2
99,146,20
99,148,9
99,149,14
99,150,13
99,152,20
99,154,17
99,156,20
99,157,18
99,160,8
99,162,10
99,164,11
99,166,10
99,167,19
99,169,6
99,170,9
99,174,4
99,176,20
99,178,8
100,101,20
100,103,4
100,107,7
100,108,14
100,112,8
100,113,19
100,114,17
100,115,20
100,117,4
100,121,3
100,124,14
100,125,19
100,126,7
100,129,6
100,131,1
100,133,17
100,134,12
100,137,3
100,143,6
100,146,14
100,147,14
100,149,6
100,151,19
100,152,11
100,153,20
100,154,17
100,156,11
100,157,4
100,159,7
100,163,15
100,166,5
100,167,10
100,169,7
100,173,4
100,177,3
100,178,12
100,179,1
101,104,7
101,106,9
101,111,14
101,114,3
101,115,14
101,117,17
101,119,20
101,120,5
101,121,4
101,123,2
101,125,11
101,126,10
101,127,13
101,128,20
101,130,14
101,131,5
101,134,19
101,135,18
101,137,1
101,138,10
101,139,2
101,142,8
101,146,15
101,147,16
101,148,5
101,150,18
101,152,7
101,153,18
101,154,2
101,155,18
101,156,10
101,157,7
101,159,11
101,160,2
101,162,14
101,164,9
101,165,15
101,166,9
101,167,20
101,169,18
101,170,7
101,172,9
101,173,8
101,174,8
101,177,15
101,179,13
102,104,18
102,106,15
102,107,4
102,110,14
102,111,7
102,112,5
102,115,3
102,117,13
102,119,2
102,120,12
102,121,18
102,124,10
102,125,18
102,126,12
102,130,6
102,133,6
102,134,6
102,137,8
102,138,9
102,140,18
102,143,20
102,144,4
102,145,10
102,146,3
102,147,9
102,149,7
102,150,17
102,152,20
102,153,17
102,155,17
102,156,12
102,158,15
102,161,11
102,164,16
102,165,5
102,169,18
102,172,14
102,173,13
102,174,17
102,175,9
102,176,6
102,178,18
102,179,16
103,104,10
103,110,20
103,111,4
103,112,16
103,114,4
103,115,18
103,116,6
103,117,16
103,118,2
103,119,10
103,120,13
103,121,4
103,124,9
103,125,14
103,129,12
103,131,14
103,133,5
103,134,11
103,135,9
103,137,18
103,139,12
103,141,4
103,143,13
103,145,4
103,146,18
103,147,12
103,150,5
103,151,14
103,153,4
103,154,17
103,155,10
103,158,14
103,159,4
103,160,14
103,161,15
103,163,16
103,164,12
103,166,6
103,168,16
103,169,1
103,171,19
103,173,8
103,174,6
103,176,16
103,177,5
103,178,11
104,105,2
104,108,7
104,111,17
104,112,18
104,117,5
104,118,4
104,119,15
104,122,7
104,129,4
104,132,12
104,135,1
104,136,20
104,139,16
104,141,6
104,143,1
104,146,1
104,148,9
104,149,14
104,150,14
104,154,10
104,158,14
104,160,14
104,161,4
104,162,13
104,168,6
104,170,3
104,171,5
104,175,20
104,176,2
104,177,9
104,179,1
105,107,20
105,108,8
105,115,20
105,117,18
105,118,20
105,119,19
105,120,6
105,122,7
105,123,5
105,124,1
105,126,2
105,128,3
105,133,16
105,137,7
105,138,17
105,140,4
105,142,14
105,144,12
105,147,20
105,149,19
105,150,11
105,152,15
105,154,12
105,155,12
105,156,4
105,158,15
105,160,6
105,161,20
105,163,11
105,164,3
105,169,10
105,171,16
105,172,19
105,178,1
106,108,17
106,110,8
106,112,10
106,113,19
106,114,2
106,115,13
106,116,2
106,117,20
106,118,11
106,119,14
106,122,14
106,127,15
106,133,8
106,137,17
106,139,20
106,140,8
106,141,5
106,142,14
106,144,4
106,146,11
106,148,9
106,149,7
106,150,2
106,152,3
106,158,9
106,160,18
106,161,8
106,162,10
106,163,19
106,164,13
106,165,16
106,166,13
106,167,12
106,168,3
106,169,10
106,172,4
106,173,2
106,177,20
106,178,1
107,108,11
107,115,13
107,117,12
107,119,4
107,121,2
107,122,11
107,125,11
107,127,14
107,131,2
107,132,10
107,134,15
107,135,12
107,136,15
107,139,2
107,141,9
107,143,19
107,144,4
107,151,14
107,155,3
107,162,3
107,165,6
107,166,10
107,169,18
107,171,9
107,174,13
107,176,2
108,114,11
108,115,11
108,118,14
108,120,20
108,121,18
108,122,10
108,123,13
108,126,20
108,129,11
108,131,2
108,133,8
108,134,20
108,135,6
108,138,18
108,140,7
108,141,2
108,142,18
108,148,12
108,149,14
108,150,3
108,152,10
108,153,6
108,158,15
108,159,16
108,163,17
108,169,5
108,171,17
108,175,17
108,178,10
109,112,4
109,117,11
109,118,8
109,119,10
109,123,12
109,125,11
109,126,20
109,127,14
109,128,15
109,131,20
109,134,14
109,138,6
109,140,13
109,141,4
109,146,1
109,147,9
109,148,5
109,151,6
109,152,13
109,154,19
109,159,2
109,161,1
109,162,17
109,163,8
109,166,14
109,169,9
109,170,13
109,173,19
109,176,4
109,178,12
110,112,7
110,114,18
110,115,12
110,116,20
110,118,7
110,122,10
110,123,9
110,125,18
110,126,13
110,128,7
110,130,7
110,131,2
110,132,7
110,133,5
110,135,20
110,136,15
110,137,19
110,138,15
110,140,7
110,142,11
110,143,2
110,144,5
110,145,17
110,146,17
110,148,16
110,152,2
110,153,17
110,154,5
110,155,1
110,156,14
110,157,9
110,159,16
110,162,9
110,163,18
110,165,17
110,166,5
110,167,4
110,170,14
110,175,18
110,176,16
110,178,2
110,179,12
111,113,17
111,116,17
111,118,19
111,121,18
111,122,10
111,123,12
111,124,7
111,127,5
111,128,3
111,129,9
111,130,1
111,132,17
111,133,10
111,134,13
111,136,12
111,137,4
111,138,5
111,139,13
111,141,10
111,145,9
111,146,6
111,149,3
111,150,18
111,152,12
111,158,8
111,164,4
111,167,13
111,168,11
111,172,4
111,173,8
111,177,17
112,113,7
112,114,12
112,116,8
112,117,12
112,119,18
112,120,5
112,122,13
112,124,17
112,125,8
112,128,14
112,130,16
112,132,20
112,135,20
112,136,18
112,137,19
112,140,7
112,142,18
112,146,3
112,148,6
112,151,4
112,152,18
112,153,16
112,154,13
112,155,10
112,156,18
112,162,2
112,163,8
112,166,15
112,167,14
112,169,15
112,171,13
112,172,13
112,174,2
112,177,13
113,115,4
113,116,17
113,118,6
113,119,19
113,121,16
113,124,19
113,125,12
113,130,16
113,132,15
113,134,10
113,139,17
113,140,14
113,141,2
113,142,3
113,143,9
113,145,20
113,149,2
113,150,19
113,152,13
113,153,20
113,156,20
113,160,7
113,162,2
113,164,8
113,165,1
113,166,1
113,169,13
113,172,2
113,174,19
113,177,7
113,178,20
113,179,1
114,117,6
114,124,10
114,126,19
114,127,13
114,132,20
114,134,14
114,136,16
114,137,8
114,144,17
114,146,10
114,147,12
114,148,15
114,149,19
114,151,14
114,154,5
114,155,18
114,159,17
114,160,11
114,161,7
114,164,11
114,166,13
114,168,10
114,170,11
114,171,13
114,175,13
114,178,4
114,179,18
115,119,10
115,123,11
115,125,6
115,126,5
115,128,12
115,134,6
115,135,1
115,137,14
115,138,5
115,139,14
115,140,20
115,141,6
115,142,9
115,143,4
115,144,12
115,147,19
115,148,19
115,150,12
115,154,20
115,155,4
115,157,18
115,160,15
115,161,20
115,163,15
115,164,4
115,166,3
115,167,16
115,169,15
115,174,9
115,175,14
115,176,19
115,179,1
116,117,5
116,118,14
116,119,17
116,123,4
116,124,12
116,127,20
116,128,2
116,129,16
116,130,7
116,131,10
116,135,18
116,136,18
116,137,6
116,138,19
116,139,20
116,140,8
116,142,20
116,146,17
116,149,2
116,151,15
116,152,18
116,153,15
116,156,16
116,159,19
116,160,2
116,161,10
116,162,3
116,163,8
116,164,11
116,165,6
116,168,20
116,171,15
116,174,16
116,175,10
116,177,14
116,178,17
116,179,17
117,118,7
117,120,10
117,121,5
117,122,17
117,123,1
117,131,14
117,132,8
117,133,10
117,136,11
117,137,18
117,138,19
117,142,10
117,145,17
117,147,1
117,148,9
117,150,19
117,151,16
117,152,8
117,153,1
117,155,15
117,157,2
117,160,17
117,161,11
117,164,2
117,170,20
117,171,8
117,172,2
117,173,6
117,174,4
117,175,19
117,176,1
117,177,20
117,178,18
118,120,4
118,123,7
118,124,19
118,127,7
118,131,6
118,132,19
118,134,5
118,135,17
118,137,11
118,143,18
118,148,4
118,149,18
118,151,7
118,155,8
118,157,18
118,161,13
118,164,5
118,166,2
118,167,12
118,168,6
118,173,1
118,174,17
118,176,12
118,177,9
118,178,14
118,179,18
119,121,11
119,122,17
119,124,13
119,126,10
119,129,8
119,131,5
119,133,7
119,134,7
119,136,20
119,137,15
119,138,2
119,140,9
119,141,14
119,143,4
119,144,3
119,145,17
119,146,7
119,147,13
119,153,18
119,154,20
119,159,13
119,160,3
119,162,1
119,163,10
119,164,14
119,166,8
119,169,8
119,170,15
119,171,6
119,172,1
119,176,12
119,177,16
120,121,4
120,122,6
120,123,13
120,124,14
120,125,18
120,126,20
120,127,12
120,128,3
120,132,6
120,134,12
120,135,3
120,136,7
120,138,8
120,139,6
120,140,18
120,142,8
120,143,13
120,144,2
120,145,12
120,146,9
120,147,2
120,148,11
120,151,16
120,153,7
120,157,18
120,158,19
120,160,11
120,161,9
120,162,3
120,163,8
120,164,7
120,165,1
120,166,8
120,167,10
120,170,17
120,173,16
120,174,10
120,175,20
121,123,17
121,124,2
121,131,16
121,132,9
121,133,5
121,134,10
121,135,9
121,136,16
121,139,4
121,141,20
121,142,17
121,144,10
121,145,12
121,147,11
121,149,1
121,150,3
121,151,6
121,152,10
121,155,10
121,158,10
121,160,14
121,161,19
121,162,17
121,164,16
121,165,11
121,166,19
121,167,10
121,170,12
121,171,9
121,172,5
121,173,3
121,176,18
121,177,11
121,178,16
122,125,14
122,126,3
122,127,9
122,129,3
122,133,10
122,134,12
122,136,14
122,138,5
122,140,10
122,144,8
122,145,6
122,146,11
122,147,15
122,152,12
122,153,19
122,154,5
122,156,19
122,160,16
122,161,2
122,167,1
122,168,14
122,171,7
122,172,17
122,174,6
122,179,15
123,125,5
123,126,7
123,127,18
123,130,13
123,131,15
123,132,20
123,134,4
123,138,13
123,139,16
123,140,20
123,142,3
123,145,16
123,147,6
123,148,9
123,150,1
123,153,11
123,154,1
123,157,17
123,159,3
123,160,1
123,166,7
123,167,15
123,169,3
123,170,2
123,172,2
123,174,2
123,175,8
123,178,13
123,179,20
124,126,3
124,127,13
124,128,4
124,131,14
124,133,14
124,136,13
124,139,18
124,140,19
124,141,6
124,142,9
124,143,16
124,145,4
124,146,1
124,147,7
124,149,16
124,150,13
124,151,6
124,152,15
124,153,13
124,155,8
124,156,6
124,159,11
124,167,14
124,170,6
124,171,5
124,172,17
124,173,11
124,175,6
124,176,13
124,178,19
125,126,17
125,127,15
125,128,8
125,138,16
125,141,16
125,143,5
125,144,6
125,147,14
125,148,15
125,150,1
125,151,20
125,153,2
125,155,17
125,157,16
125,159,2
125,160,11
125,161,5
125,164,20
125,166,20
125,167,20
125,170,15
125,172,8
125,174,20
125,176,13
125,177,5
125,178,12
126,130,7
126,136,20
126,137,8
126,138,20
126,139,6
126,140,5
126,141,10
126,143,16
126,144,14
126,147,19
126,149,16
126,151,13
126,152,11
126,154,7
126,155,15
126,157,7
126,160,17
126,161,18
126,162,4
126,163,3
126,165,15
126,168,11
126,172,7
126,174,6
126,178,9
127,129,16
127,130,2
127,132,18
127,133,10
127,134,16
127,136,17
127,137,15
127,138,20
127,142,10
127,145,18
127,146,18
127,150,16
127,153,18
127,155,20
127,156,13
127,157,12
127,158,4
127,161,15
127,163,15
127,164,12
127,166,11
127,167,19
127,170,20
127,172,19
127,174,3
127,177,18
127,179,7
128,130,15
128,131,3
128,132,2
128,133,16
128,134,18
128,135,13
128,137,15
128,139,10
128,140,14
128,142,4
128,144,13
128,145,19
128,146,14
128,147,19
128,148,1
128,151,15
128,154,16
128,156,3
128,159,16
128,160,9
128,162,19
128,165,20
128,169,17
128,171,17
128,173,5
128,175,2
128,176,7
128,177,12
128,178,20
129,130,17
129,131,18
129,132,3
129,133,11
129,136,2
129,139,14
129,140,17
129,144,15
129,146,6
129,149,13
129,150,10
129,152,1
129,154,2
129,155,11
129,156,2
129,159,5
129,160,17
129,161,11
129,168,13
129,172,17
129,173,16
129,176,5
130,134,15
130,137,10
130,140,1
130,141,11
130,143,12
130,144,2
130,147,12
130,148,1
130,149,8
130,151,7
130,152,18
130,153,19
130,162,12
130,164,1
130,168,9
130,170,17
130,172,15
130,173,3
130,174,4
130,176,9
130,177,5
130,178,17
131,133,16
131,136,13
131,137,7
131,138,15
131,139,20
131,141,9
131,147,14
131,150,14
131,154,2
131,156,20
131,159,1
131,160,7
131,162,7
131,163,17
131,165,7
131,167,12
131,171,17
131,177,13
131,179,2
132,133,19
132,136,13
132,138,18
132,142,20
132,145,14
132,151,4
132,152,14
132,154,7
132,155,17
132,156,14
132,157,18
132,159,14
132,160,20
132,162,9
132,163,5
132,164,8
132,165,3
132,169,7
132,173,8
132,175,18
132,176,17
132,177,17
133,134,6
133,135,8
133,136,10
133,138,7
133,140,18
133,143,7
133,144,12
133,146,1
133,147,15
133,149,14
133,151,6
133,152,9
133,154,7
133,155,17
133,156,5
133,158,19
133,160,3
133,161,16
133,163,5
133,166,2
133,167,18
133,168,11
133,171,10
133,172,2
133,173,16
133,174,18
133,175,9
133,176,9
133,177,2
133,179,6
134,135,14
134,137,14
134,139,18
134,140,19
134,141,10
134,142,11
134,143,11
134,148,6
134,149,16
134,150,7
134,151,7
134,154,3
134,157,17
134,158,10
134,165,10
134,166,1
134,169,7
134,172,4
134,174,3
134,176,14
134,177,15
134,178,10
134,179,20
135,136,18
135,137,18
135,138,10
135,139,11
135,140,6
135,141,16
135,142,8
135,143,18
135,147,11
135,148,13
135,149,4
135,150,19
135,153,10
135,155,19
135,156,1
135,159,18
135,160,16
135,162,19
135,164,11
135,166,4
135,167,15
135,169,17
135,170,20
135,171,6
135,174,20
135,175,9
135,176,2
135,177,3
135,178,9
136,138,14
136,140,2
136,141,15
136,143,18
136,144,3
136,148,19
136,152,15
136,153,18
136,156,19
136,158,18
136,159,10
136,162,3
136,163,19
136,165,4
136,170,19
136,171,8
136,173,4
136,174,16
136,176,7
136,177,12
136,179,18
137,139,5
137,140,12
137,141,17
137,143,20
137,145,2
137,147,11
137,148,3
137,149,20
137,154,19
137,155,11
137,156,15
137,157,14
137,158,9
137,159,4
137,160,10
137,161,3
137,162,7
137,163,4
137,164,15
137,166,17
137,168,1
137,169,18
137,172,7
137,173,7
137,175,11
137,177,11
137,178,7
137,179,7
138,141,1
138,142,9
138,145,11
138,149,13
138,150,10
138,157,19
138,158,3
138,159,14
138,162,1
138,164,6
138,167,8
138,170,12
138,171,19
138,174,20
138,175,2
138,176,12
138,179,20
139,144,13
139,145,2
139,146,3
139,147,20
139,151,11
139,152,12
139,154,12
139,155,17
139,160,12
139,161,14
139,162,20
139,164,9
139,165,20
139,167,20
139,170,9
139,172,17
139,174,14
139,175,5
139,176,3
139,177,2
140,141,3
140,145,19
140,151,16
140,152,20
140,156,16
140,157,14
140,158,3
140,160,6
140,162,12
140,163,9
140,165,13
140,169,17
140,171,5
140,177,19
141,142,15
141,143,8
141,151,12
141,152,15
141,153,6
141,154,19
141,155,5
141,156,7
141,157,14
141,159,17
141,160,6
141,164,4
141,165,1
141,166,1
141,167,2
141,168,1
141,169,19
141,170,4
141,172,6
142,143,2
142,149,4
142,153,6
142,155,17
142,157,1
142,158,14
142,160,13
142,163,3
142,165,11
142,166,8
142,169,8
142,172,2
142,174,1
142,175,4
142,178,20
143,145,11
143,146,16
143,147,4
143,148,15
143,152,4
143,155,17
143,157,14
143,163,7
143,164,20
143,167,17
143,168,10
143,171,7
143,172,11
143,173,1
144,150,9
144,151,9
144,152,17
144,154,11
144,155,17
144,156,12
144,159,8
144,162,19
144,165,7
144,167,18
144,168,11
144,169,3
144,172,12
144,174,14
144,177,16
144,178,4
144,179,14
145,147,2
145,148,5
145,149,7
145,153,20
145,155,14
145,156,17
145,157,18
145,160,17
145,161,1
145,164,19
145,165,7
145,167,2
145,174,12
145,175,11
145,176,1
145,177,17
145,179,11
146,150,4
146,152,3
146,153,1
146,154,15
146,155,13
146,157,9
146,161,16
146,162,5
146,165,4
146,166,20
146,167,12
146,173,9
146,175,9
146,176,19
146,177,6
147,148,4
147,149,9
147,154,1
147,156,5
147,159,3
147,161,13
147,162,6
147,164,18
147,165,4
147,166,15
147,168,13
147,170,15
147,172,9
147,173,11
147,174,17
147,175,19
147,178,10
148,150,10
148,151,8
148,153,13
148,155,8
148,156,17
148,158,7
148,159,14
148,160,4
148,161,19
148,163,1
148,164,20
148,165,16
148,167,14
148,171,5
148,174,13
148,175,20
148,177,12
148,179,18
149,151,4
149,152,5
149,154,1
149,155,16
149,159,1
149,162,17
149,164,12
149,165,10
149,168,13
149,169,17
149,170,18
149,172,19
149,174,3
149,175,13
149,178,9
149,179,12
150,151,3
150,154,14
150,155,11
150,157,15
150,158,19
150,162,4
150,164,3
150,165,17
150,167,8
150,168,16
150,170,12
150,171,4
150,173,4
150,174,14
150,175,6
150,176,14
150,178,4
151,156,8
151,157,13
151,160,9
151,168,20
151,170,20
151,171,13
151,173,15
151,174,5
151,175,8
151,176,8
151,177,19
151,179,10
152,157,7
152,160,3
152,161,16
152,165,6
152,171,14
152,174,1
152,175,19
152,177,9
153,154,2
153,157,17
153,159,10
153,160,6
153,161,11
153,163,3
153,164,4
153,168,11
153,170,10
153,171,4
153,173,4
153,174,5
153,176,16
153,178,13
154,155,16
154,156,15
154,158,19
154,159,11
154,161,13
154,162,11
154,164,16
154,167,4
154,168,12
154,172,18
154,173,15
154,175,6
154,176,3
154,177,17
154,178,1
155,156,9
155,159,4
155,160,20
155,161,18
155,163,12
155,164,3
155,166,6
155,167,17
155,168,2
155,171,19
155,172,9
155,175,4
155,176,10
155,177,14
155,178,16
156,158,16
156,160,9
156,161,3
156,163,7
156,164,15
156,165,1
156,169,11
156,170,12
156,171,19
156,172,9
156,174,6
156,175,6
156,176,9
156,177,9
156,179,12
157,158,10
157,160,3
157,163,2
157,166,3
157,169,4
157,172,1
157,173,3
157,176,17
157,179,12
158,159,18
158,161,6
158,163,3
158,164,14
158,165,9
158,166,16
158,167,16
158,169,10
158,170,8
158,171,17
158,172,16
158,174,17
159,160,17
159,163,18
159,166,3
159,167,10
159,169,16
159,170,14
159,171,1
159,174,14
159,175,12
159,176,16
159,177,14
159,179,11
160,161,5
160,162,3
160,163,15
160,165,11
160,167,2
160,168,3
160,170,7
160,172,19
160,174,8
160,175,3
160,176,15
160,179,16
161,163,3
161,168,11
161,171,7
161,175,18
162,163,2
162,165,19
162,166,12
162,167,4
162,168,19
162,169,1
162,170,17
162,171,7
162,177,6
163,164,15
163,166,18
163,170,8
163,171,1
163,174,5
163,176,9
164,165,8
164,166,4
164,171,8
164,174,20
164,175,19
164,176,20
164,178,20
164,179,19
165,166,11
165,167,1
165,169,17
165,172,3
165,176,2
165,177,10
165,179,7
166,168,1
166,176,17
166,177,13
166,179,8
167,168,9
167,170,15
167,171,13
167,172,11
167,173,14
167,174,12
167,175,13
167,177,10
168,169,9
168,170,7
168,174,7
168,176,13
168,178,9
168,179,7
169,170,11
169,171,2
169,172,4
169,175,20
169,176,5
169,178,8
170,171,20
170,173,17
170,176,15
170,177,11
170,179,7
171,173,11
171,175,14
171,176,15
171,177,4
171,178,9
171,179,13
172,174,3
172,175,4
172,177,9
172,178,14
173,175,13
173,179,6
174,176,16
174,177,13
174,178,11
174,179,13
175,176,17
175,179,17
176,177,7
176,178,2
177,178,13
177,179,8
