0,1,8
0,2,15
0,3,2
0,4,2
0,5,4
0,6,15
0,7,6
0,8,2
0,9,17
0,10,20
0,11,7
0,12,15
0,13,12
0,14,5
0,15,13
0,16,12
0,17,10
0,18,7
0,19,9
0,20,15
0,21,6
0,22,10
0,23,16
0,24,8
0,25,20
0,26,11
0,27,5
0,28,3
0,29,7
0,30,14
0,31,18
0,32,6
0,33,17
0,34,2
0,35,17
0,36,11
0,37,18
0,38,2
0,39,19
0,40,17
0,41,10
0,42,8
0,43,19
0,44,7
0,45,18
0,46,2
0,47,18
0,48,18
0,49,17
0,50,20
0,51,11
0,52,7
0,53,3
0,54,19
0,55,18
0,56,15
0,57,5
0,58,16
0,59,5
0,60,8
0,61,9
0,62,4
0,63,17
0,64,12
0,65,9
0,66,12
0,67,15
0,68,2
0,69,9
0,70,5
0,71,16
0,72,15
0,73,17
0,74,3
0,75,7
0,76,16
0,77,12
0,78,8
0,79,1
0,80,7
0,81,4
0,82,7
0,83,19
0,84,19
0,85,11
0,86,2
0,87,2
0,88,14
0,89,11
0,90,18
0,91,12
0,92,7
0,93,11
0,94,16
0,95,10
0,96,9
0,97,20
0,98,18
0,99,2
1,2,19
1,3,13
1,4,5
1,5,1
1,6,9
1,7,8
1,8,20
1,9,4
1,10,12
1,11,5
1,12,17
1,13,12
1,14,7
1,15,8
1,16,12
1,17,15
1,18,16
1,19,4
1,20,1
1,21,6
1,22,2
1,23,11
1,24,1
1,25,11
1,26,1
1,27,4
1,28,5
1,29,1
1,30,5
1,31,11
1,32,13
1,33,6
1,34,4
1,35,4
1,36,6
1,37,14
1,38,9
1,39,16
1,40,9
1,41,10
1,42,4
1,43,10
1,44,3
1,45,6
1,46,19
1,47,18
1,48,11
1,49,11
1,50,8
1,51,6
1,52,10
1,53,12
1,54,17
1,55,9
1,56,20
1,57,18
1,58,6
1,59,18
1,60,6
1,61,4
1,62,8
1,63,2
1,64,19
1,65,8
1,66,4
1,67,1
1,68,14
1,69,4
1,70,5
1,71,11
1,72,4
1,73,11
1,74,17
1,75,8
1,76,11
1,77,13
1,78,15
1,79,12
1,80,4
1,81,14
1,82,16
1,83,3
1,84,16
1,85,18
1,86,2
1,87,12
1,88,11
1,89,3
1,90,1
1,91,8
1,92,4
1,93,7
1,94,10
1,95,4
1,96,2
1,97,5
1,98,17
1,99,20
2,3,19
2,4,4
2,5,15
2,6,1
2,7,12
2,8,18
2,9,17
2,10,16
2,11,2
2,12,1
2,13,7
2,14,20
2,15,4
2,16,11
2,17,12
2,18,7
2,19,8
2,20,3
2,21,13
2,22,7
2,23,4
2,24,7
2,25,5
2,26,18
2,27,16
2,28,8
2,29,4
2,30,11
2,31,13
2,32,17
2,33,17
2,34,20
2,35,3
2,36,7
2,37,15
2,38,11
2,39,15
2,40,19
2,41,6
2,42,5
2,43,4
2,44,14
2,45,11
2,46,3
2,47,3
2,48,5
2,49,5
2,50,12
2,51,5
2,52,5
2,53,2
2,54,14
2,55,11
2,56,19
2,57,17
2,58,2
2,59,18
2,60,7
2,61,8
2,62,18
2,63,15
2,64,9
2,65,10
2,66,2
2,67,10
2,68,8
2,69,18
2,70,15
2,71,11
2,72,17
2,73,12
2,74,18
2,75,1
2,76,13
2,77,8
2,78,1
2,79,14
2,80,6
2,81,17
2,82,14
2,83,15
2,84,17
2,85,16
2,86,6
2,87,10
2,88,17
2,89,1
2,90,1
2,91,11
2,92,5
2,93,5
2,94,14
2,95,7
2,96,13
2,97,4
2,98,19
2,99,4
3,4,7
3,5,1
3,6,2
3,7,17
3,8,1
3,9,18
3,10,11
3,11,8
3,12,1
3,13,17
3,14,8
3,15,17
3,16,11
3,17,15
3,18,19
3,19,17
3,20,15
3,21,12
3,22,6
3,23,13
3,24,16
3,25,12
3,26,10
3,27,2
3,28,17
3,29,20
3,30,17
3,31,10
3,32,20
3,33,7
3,34,2
3,35,5
3,36,9
3,37,15
3,38,2
3,39,17
3,40,14
3,41,10
3,42,5
3,43,2
3,44,4
3,45,12
3,46,10
3,47,19
3,48,20
3,49,19
3,50,1
3,51,1
3,52,7
3,53,3
3,54,5
3,55,18
3,56,8
3,57,7
3,58,14
3,59,3
3,60,1
3,61,15
3,62,3
3,63,15
3,64,12
3,65,18
3,66,8
3,67,16
3,68,8
3,69,20
3,70,2
3,71,6
3,72,12
3,73,18
3,74,15
3,75,6
3,76,14
3,77,2
3,78,9
3,79,12
3,80,13
3,81,5
3,82,13
3,83,16
3,84,1
3,85,4
3,86,1
3,87,17
3,88,19
3,89,12
3,90,7
3,91,7
3,92,14
3,93,2
3,94,4
3,95,7
3,96,17
3,97,14
3,98,18
3,99,4
4,5,1
4,6,19
4,7,1
4,8,2
4,9,5
4,10,8
4,11,16
4,12,10
4,13,20
4,14,4
4,15,13
4,16,4
4,17,18
4,18,4
4,19,2
4,20,1
4,21,11
4,22,20
4,23,19
4,24,1
4,25,15
4,26,6
4,27,6
4,28,5
4,29,12
4,30,15
4,31,20
4,32,3
4,33,2
4,34,2
4,35,6
4,36,14
4,37,16
4,38,15
4,39,15
4,40,20
4,41,15
4,42,14
4,43,3
4,44,15
4,45,7
4,46,9
4,47,19
4,48,6
4,49,2
4,50,15
4,51,9
4,52,10
4,53,16
4,54,8
4,55,9
4,56,3
4,57,4
4,58,11
4,59,8
4,60,19
4,61,16
4,62,11
4,63,13
4,64,18
4,65,15
4,66,5
4,67,10
4,68,6
4,69,12
4,70,19
4,71,13
4,72,2
4,73,2
4,74,7
4,75,12
4,76,11
4,77,15
4,78,14
4,79,7
4,80,11
4,81,4
4,82,12
4,83,5
4,84,10
4,85,4
4,86,6
4,87,1
4,88,14
4,89,9
4,90,13
4,91,20
4,92,18
4,93,12
4,94,5
4,95,4
4,96,11
4,97,6
4,98,20
4,99,8
5,6,3
5,7,14
5,8,2
5,9,5
5,10,2
5,11,8
5,12,11
5,13,20
5,14,1
5,15,12
5,16,9
5,17,4
5,18,4
5,19,18
5,20,19
5,21,19
5,22,8
5,23,16
5,24,17
5,25,4
5,26,17
5,27,12
5,28,9
5,29,3
5,30,5
5,31,18
5,32,13
5,33,19
5,34,7
5,35,18
5,36,6
5,37,15
5,38,18
5,39,12
5,40,6
5,41,2
5,42,13
5,43,19
5,44,2
5,45,17
5,46,20
5,47,3
5,48,12
5,49,2
5,50,9
5,51,11
5,52,7
5,53,3
5,54,13
5,55,9
5,56,13
5,57,14
5,58,17
5,59,18
5,60,9
5,61,16
5,62,12
5,63,15
5,64,7
5,65,12
5,66,7
5,67,11
5,68,17
5,69,10
5,70,10
5,71,15
5,72,5
5,73,7
5,74,11
5,75,13
5,76,3
5,77,5
5,78,5
5,79,15
5,80,18
5,81,16
5,82,10
5,83,6
5,84,4
5,85,20
5,86,14
5,87,17
5,88,5
5,89,1
5,90,13
5,91,9
5,92,2
5,93,8
5,94,5
5,95,9
5,96,18
5,97,20
5,98,12
5,99,6
6,7,20
6,8,10
6,9,8
6,10,11
6,11,11
6,12,11
6,13,18
6,14,16
6,15,19
6,16,7
6,17,11
6,18,18
6,19,15
6,20,2
6,21,7
6,22,9
6,23,13
6,24,20
6,25,6
6,26,18
6,27,18
6,28,3
6,29,2
6,30,17
6,31,13
6,32,9
6,33,5
6,34,16
6,35,10
6,36,10
6,37,4
6,38,17
6,39,16
6,40,12
6,41,19
6,42,1
6,43,15
6,44,6
6,45,17
6,46,11
6,47,12
6,48,11
6,49,6
6,50,17
6,51,17
6,52,4
6,53,20
6,54,4
6,55,8
6,56,8
6,57,7
6,58,11
6,59,3
6,60,2
6,61,7
6,62,8
6,63,12
6,64,14
6,65,6
6,66,12
6,67,2
6,68,6
6,69,4
6,70,4
6,71,17
6,72,20
6,73,16
6,74,20
6,75,20
6,76,13
6,77,4
6,78,18
6,79,20
6,80,15
6,81,14
6,82,3
6,83,4
6,84,7
6,85,4
6,86,8
6,87,13
6,88,9
6,89,9
6,90,8
6,91,16
6,92,19
6,93,15
6,94,13
6,95,15
6,96,4
6,97,6
6,98,17
6,99,18
7,8,17
7,9,13
7,10,6
7,11,12
7,12,8
7,13,17
7,14,13
7,15,3
7,16,20
7,17,7
7,18,11
7,19,4
7,20,5
7,21,10
7,22,19
7,23,15
7,24,17
7,25,13
7,26,2
7,27,16
7,28,7
7,29,14
7,30,5
7,31,13
7,32,16
7,33,13
7,34,18
7,35,9
7,36,9
7,37,13
7,38,16
7,39,1
7,40,10
7,41,15
7,42,16
7,43,7
7,44,4
7,45,14
7,46,1
7,47,7
7,48,12
7,49,17
7,50,20
7,51,6
7,52,5
7,53,4
7,54,6
7,55,13
7,56,6
7,57,12
7,58,7
7,59,6
7,60,20
7,61,2
7,62,20
7,63,19
7,64,10
7,65,9
7,66,18
7,67,13
7,68,10
7,69,20
7,70,8
7,71,16
7,72,7
7,73,15
7,74,14
7,75,14
7,76,6
7,77,15
7,78,11
7,79,14
7,80,7
7,81,17
7,82,11
7,83,7
7,84,13
7,85,14
7,86,14
7,87,20
7,88,18
7,89,10
7,90,1
7,91,13
7,92,7
7,93,13
7,94,6
7,95,16
7,96,9
7,97,18
7,98,10
7,99,19
8,9,4
8,10,20
8,11,10
8,12,1
8,13,6
8,14,9
8,15,7
8,16,3
8,17,15
8,18,3
8,19,2
8,20,15
8,21,17
8,22,13
8,23,13
8,24,5
8,25,4
8,26,12
8,27,16
8,28,15
8,29,5
8,30,10
8,31,11
8,32,17
8,33,1
8,34,1
8,35,14
8,36,11
8,37,13
8,38,3
8,39,4
8,40,18
8,41,8
8,42,4
8,43,2
8,44,15
8,45,19
8,46,15
8,47,4
8,48,15
8,49,20
8,50,14
8,51,1
8,52,11
8,53,16
8,54,20
8,55,16
8,56,3
8,57,18
8,58,16
8,59,1
8,60,12
8,61,15
8,62,16
8,63,13
8,64,15
8,65,12
8,66,2
8,67,9
8,68,16
8,69,14
8,70,11
8,71,4
8,72,3
8,73,20
8,74,17
8,75,9
8,76,15
8,77,10
8,78,8
8,79,4
8,80,13
8,81,19
8,82,7
8,83,4
8,84,16
8,85,4
8,86,8
8,87,16
8,88,14
8,89,1
8,90,2
8,91,16
8,92,19
8,93,19
8,94,17
8,95,9
8,96,1
8,97,20
8,98,19
8,99,11
9,10,16
9,11,15
9,12,13
9,13,6
9,14,18
9,15,6
9,16,4
9,17,13
9,18,3
9,19,7
9,20,14
9,21,4
9,22,1
9,23,13
9,24,13
9,25,10
9,26,1
9,27,16
9,28,8
9,29,2
9,30,13
9,31,8
9,32,12
9,33,4
9,34,3
9,35,15
9,36,15
9,37,1
9,38,1
9,39,4
9,40,14
9,41,3
9,42,4
9,43,10
9,44,4
9,45,1
9,46,10
9,47,6
9,48,5
9,49,6
9,50,19
9,51,13
9,52,5
9,53,1
9,54,3
9,55,10
9,56,19
9,57,12
9,58,2
9,59,5
9,60,15
9,61,2
9,62,9
9,63,9
9,64,14
9,65,11
9,66,9
9,67,6
9,68,19
9,69,19
9,70,7
9,71,15
9,72,9
9,73,15
9,74,19
9,75,19
9,76,8
9,77,7
9,78,10
9,79,13
9,80,8
9,81,5
9,82,9
9,83,16
9,84,19
9,85,15
9,86,15
9,87,3
9,88,7
9,89,10
9,90,9
9,91,15
9,92,2
9,93,3
9,94,2
9,95,8
9,96,2
9,97,13
9,98,1
9,99,3
10,11,8
10,12,11
10,13,3
10,14,6
10,15,4
10,16,19
10,17,1
10,18,20
10,19,6
10,20,11
10,21,13
10,22,3
10,23,5
10,24,20
10,25,17
10,26,12
10,27,5
10,28,15
10,29,5
10,30,1
10,31,14
10,32,9
10,33,20
10,34,8
10,35,3
10,36,19
10,37,9
10,38,3
10,39,14
10,40,20
10,41,6
10,42,19
10,43,10
10,44,12
10,45,16
10,46,6
10,47,14
10,48,15
10,49,14
10,50,4
10,51,16
10,52,2
10,53,16
10,54,5
10,55,3
10,56,4
10,57,9
10,58,8
10,59,20
10,60,13
10,61,1
10,62,10
10,63,13
10,64,15
10,65,6
10,66,7
10,67,11
10,68,6
10,69,10
10,70,1
10,71,1
10,72,6
10,73,11
10,74,9
10,75,13
10,76,4
10,77,19
10,78,19
10,79,10
10,80,4
10,81,14
10,82,5
10,83,19
10,84,4
10,85,16
10,86,9
10,87,2
10,88,17
10,89,15
10,90,7
10,91,10
10,92,12
10,93,15
10,94,2
10,95,19
10,96,9
10,97,9
10,98,4
10,99,13
11,12,12
11,13,1
11,14,8
11,15,15
11,16,8
11,17,20
11,18,5
11,19,14
11,20,15
11,21,1
11,22,12
11,23,5
11,24,14
11,25,9
11,26,12
11,27,11
11,28,7
11,29,2
11,30,17
11,31,15
11,32,9
11,33,18
11,34,18
11,35,2
11,36,3
11,37,12
11,38,6
11,39,11
11,40,9
11,41,7
11,42,17
11,43,4
11,44,6
11,45,16
11,46,6
11,47,18
11,48,9
11,49,15
11,50,7
11,51,10
11,52,6
11,53,20
11,54,11
11,55,19
11,56,6
11,57,20
11,58,5
11,59,12
11,60,17
11,61,2
11,62,8
11,63,2
11,64,19
11,65,3
11,66,20
11,67,13
11,68,19
11,69,5
11,70,10
11,71,5
11,72,15
11,73,3
11,74,6
11,75,8
11,76,3
11,77,15
11,78,17
11,79,16
11,80,12
11,81,16
11,82,13
11,83,15
11,84,18
11,85,9
11,86,17
11,87,13
11,88,3
11,89,16
11,90,9
11,91,18
11,92,7
11,93,17
11,94,6
11,95,11
11,96,10
11,97,15
11,98,19
11,99,20
12,13,2
12,14,17
12,15,19
12,16,6
12,17,5
12,18,20
12,19,7
12,20,5
12,21,8
12,22,11
12,23,8
12,24,7
12,25,17
12,26,15
12,27,11
12,28,15
12,29,20
12,30,13
12,31,14
12,32,16
12,33,4
12,34,8
12,35,13
12,36,9
12,37,10
12,38,5
12,39,13
12,40,15
12,41,3
12,42,4
12,43,7
12,44,9
12,45,14
12,46,7
12,47,2
12,48,13
12,49,4
12,50,20
12,51,15
12,52,13
12,53,12
12,54,7
12,55,7
12,56,13
12,57,2
12,58,16
12,59,1
12,60,18
12,61,2
12,62,9
12,63,19
12,64,1
12,65,11
12,66,12
12,67,7
12,68,7
12,69,19
12,70,3
12,71,14
12,72,5
12,73,17
12,74,13
12,75,20
12,76,9
12,77,9
12,78,16
12,79,6
12,80,1
12,81,3
12,82,12
12,83,15
12,84,6
12,85,6
12,86,9
12,87,15
12,88,19
12,89,3
12,90,11
12,91,5
12,92,14
12,93,5
12,94,1
12,95,16
12,96,14
12,97,3
12,98,17
12,99,9
13,14,14
13,15,1
13,16,7
13,17,5
13,18,5
13,19,12
13,20,3
13,21,14
13,22,15
13,23,17
13,24,8
13,25,14
13,26,16
13,27,9
13,28,7
13,29,10
13,30,11
13,31,17
13,32,17
13,33,4
13,34,10
13,35,7
13,36,14
13,37,2
13,38,7
13,39,2
13,40,5
13,41,2
13,42,20
13,43,10
13,44,19
13,45,5
13,46,12
13,47,17
13,48,18
13,49,15
13,50,8
13,51,1
13,52,20
13,53,8
13,54,16
13,55,10
13,56,1
13,57,14
13,58,13
13,59,10
13,60,13
13,61,18
13,62,9
13,63,5
13,64,12
13,65,15
13,66,12
13,67,12
13,68,7
13,69,13
13,70,13
13,71,5
13,72,3
13,73,6
13,74,10
13,75,6
13,76,7
13,77,14
13,78,11
13,79,20
13,80,7
13,81,6
13,82,8
13,83,14
13,84,7
13,85,16
13,86,8
13,87,20
13,88,12
13,89,12
13,90,20
13,91,1
13,92,20
13,93,18
13,94,10
13,95,17
13,96,12
13,97,6
13,98,16
13,99,1
14,15,12
14,16,3
14,17,12
14,18,8
14,19,20
14,20,18
14,21,12
14,22,11
14,23,9
14,24,13
14,25,9
14,26,5
14,27,16
14,28,3
14,29,5
14,30,8
14,31,12
14,32,13
14,33,1
14,34,13
14,35,7
14,36,12
14,37,1
14,38,1
14,39,14
14,40,2
14,41,2
14,42,8
14,43,5
14,44,2
14,45,3
14,46,12
14,47,2
14,48,1
14,49,5
14,50,17
14,51,2
14,52,11
14,53,20
14,54,20
14,55,14
14,56,20
14,57,11
14,58,18
14,59,15
14,60,19
14,61,14
14,62,7
14,63,13
14,64,20
14,65,16
14,66,19
14,67,19
14,68,4
14,69,7
14,70,12
14,71,17
14,72,7
14,73,19
14,74,20
14,75,19
14,76,12
14,77,20
14,78,10
14,79,3
14,80,15
14,81,10
14,82,1
14,83,18
14,84,7
14,85,8
14,86,13
14,87,16
14,88,7
14,89,14
14,90,5
14,91,12
14,92,15
14,93,15
14,94,6
14,95,7
14,96,2
14,97,13
14,98,17
14,99,6
15,16,7
15,17,18
15,18,9
15,19,3
15,20,5
15,21,20
15,22,13
15,23,1
15,24,3
15,25,2
15,26,8
15,27,16
15,28,9
15,29,4
15,30,1
15,31,12
15,32,2
15,33,6
15,34,15
15,35,15
15,36,19
15,37,10
15,38,3
15,39,9
15,40,4
15,41,11
15,42,1
15,43,6
15,44,11
15,45,5
15,46,13
15,47,8
15,48,8
15,49,3
15,50,7
15,51,12
15,52,9
15,53,12
15,54,3
15,55,3
15,56,14
15,57,2
15,58,20
15,59,15
15,60,1
15,61,10
15,62,5
15,63,19
15,64,12
15,65,15
15,66,5
15,67,9
15,68,4
15,69,6
15,70,14
15,71,12
15,72,1
15,73,13
15,74,14
15,75,5
15,76,15
15,77,1
15,78,12
15,79,20
15,80,19
15,81,17
15,82,16
15,83,13
15,84,12
15,85,19
15,86,5
15,87,19
15,88,13
15,89,20
15,90,3
15,91,6
15,92,5
15,93,11
15,94,13
15,95,18
15,96,4
15,97,9
15,98,6
15,99,19
16,17,7
16,18,3
16,19,8
16,20,9
16,21,2
16,22,15
16,23,13
16,24,16
16,25,20
16,26,17
16,27,6
16,28,7
16,29,5
16,30,4
16,31,12
16,32,6
16,33,11
16,34,16
16,35,4
16,36,2
16,37,7
16,38,3
16,39,12
16,40,9
16,41,12
16,42,8
16,43,9
16,44,18
16,45,12
16,46,18
16,47,17
16,48,5
16,49,18
16,50,7
16,51,20
16,52,17
16,53,9
16,54,3
16,55,19
16,56,7
16,57,12
16,58,13
16,59,6
16,60,7
16,61,9
16,62,17
16,63,1
16,64,4
16,65,20
16,66,2
16,67,11
16,68,9
16,69,20
16,70,15
16,71,20
16,72,10
16,73,17
16,74,11
16,75,14
16,76,19
16,77,15
16,78,10
16,79,12
16,80,20
16,81,6
16,82,13
16,83,19
16,84,4
16,85,17
16,86,1
16,87,10
16,88,1
16,89,17
16,90,12
16,91,8
16,92,17
16,93,11
16,94,6
16,95,8
16,96,6
16,97,13
16,98,17
16,99,10
17,18,10
17,19,18
17,20,6
17,21,13
17,22,17
17,23,15
17,24,7
17,25,20
17,26,2
17,27,2
17,28,16
17,29,6
17,30,2
17,31,8
17,32,10
17,33,20
17,34,9
17,35,16
17,36,9
17,37,8
17,38,12
17,39,17
17,40,16
17,41,17
17,42,14
17,43,11
17,44,1
17,45,6
17,46,6
17,47,4
17,48,5
17,49,10
17,50,14
17,51,4
17,52,5
17,53,3
17,54,17
17,55,2
17,56,16
17,57,14
17,58,1
17,59,20
17,60,6
17,61,18
17,62,6
17,63,2
17,64,20
17,65,12
17,66,18
17,67,1
17,68,11
17,69,3
17,70,7
17,71,4
17,72,6
17,73,15
17,74,15
17,75,17
17,76,5
17,77,17
17,78,5
17,79,20
17,80,17
17,81,4
17,82,20
17,83,2
17,84,6
17,85,12
17,86,15
17,87,1
17,88,5
17,89,7
17,90,12
17,91,7
17,92,10
17,93,19
17,94,10
17,95,12
17,96,18
17,97,20
17,98,17
17,99,11
18,19,19
18,20,8
18,21,7
18,22,12
18,23,7
18,24,11
18,25,10
18,26,7
18,27,14
18,28,9
18,29,2
18,30,6
18,31,13
18,32,6
18,33,10
18,34,12
18,35,12
18,36,4
18,37,20
18,38,12
18,39,1
18,40,3
18,41,10
18,42,20
18,43,19
18,44,18
18,45,5
18,46,15
18,47,8
18,48,1
18,49,14
18,50,11
18,51,13
18,52,8
18,53,10
18,54,6
18,55,20
18,56,13
18,57,14
18,58,19
18,59,20
18,60,13
18,61,16
18,62,14
18,63,19
18,64,16
18,65,13
18,66,17
18,67,3
18,68,20
18,69,16
18,70,11
18,71,4
18,72,4
18,73,3
18,74,4
18,75,11
18,76,14
18,77,13
18,78,20
18,79,10
18,80,7
18,81,9
18,82,11
18,83,4
18,84,9
18,85,2
18,86,1
18,87,10
18,88,15
18,89,17
18,90,10
18,91,18
18,92,3
18,93,3
18,94,6
18,95,2
18,96,3
18,97,17
18,98,3
18,99,12
19,20,20
19,21,16
19,22,19
19,23,7
19,24,20
19,25,18
19,26,17
19,27,3
19,28,7
19,29,17
19,30,1
19,31,9
19,32,16
19,33,18
19,34,20
19,35,7
19,36,16
19,37,6
19,38,4
19,39,3
19,40,11
19,41,17
19,42,7
19,43,19
19,44,19
19,45,13
19,46,14
19,47,2
19,48,12
19,49,19
19,50,7
19,51,9
19,52,12
19,53,7
19,54,20
19,55,20
19,56,10
19,57,7
19,58,7
19,59,13
19,60,14
19,61,10
19,62,15
19,63,15
19,64,19
19,65,15
19,66,15
19,67,5
19,68,12
19,69,13
19,70,17
19,71,13
19,72,4
19,73,16
19,74,2
19,75,8
19,76,15
19,77,1
19,78,15
19,79,8
19,80,11
19,81,8
19,82,13
19,83,11
19,84,4
19,85,7
19,86,15
19,87,3
19,88,16
19,89,19
19,90,16
19,91,6
19,92,17
19,93,18
19,94,19
19,95,8
19,96,17
19,97,6
19,98,10
19,99,15
20,21,3
20,22,6
20,23,18
20,24,9
20,25,3
20,26,1
20,27,10
20,28,1
20,29,14
20,30,18
20,31,3
20,32,7
20,33,6
20,34,6
20,35,19
20,36,18
20,37,12
20,38,13
20,39,18
20,40,17
20,41,7
20,42,5
20,43,7
20,44,1
20,45,1
20,46,14
20,47,11
20,48,2
20,49,2
20,50,17
20,51,2
20,52,20
20,53,7
20,54,20
20,55,16
20,56,1
20,57,15
20,58,12
20,59,18
20,60,3
20,61,13
20,62,8
20,63,13
20,64,11
20,65,10
20,66,13
20,67,11
20,68,1
20,69,17
20,70,12
20,71,3
20,72,1
20,73,19
20,74,5
20,75,1
20,76,3
20,77,1
20,78,5
20,79,1
20,80,18
20,81,15
20,82,9
20,83,13
20,84,19
20,85,12
20,86,19
20,87,18
20,88,11
20,89,4
20,90,1
20,91,20
20,92,6
20,93,9
20,94,4
20,95,17
20,96,12
20,97,14
20,98,12
20,99,11
21,22,18
21,23,13
21,24,10
21,25,10
21,26,10
21,27,14
21,28,3
21,29,6
21,30,5
21,31,6
21,32,15
21,33,20
21,34,9
21,35,4
21,36,9
21,37,8
21,38,9
21,39,2
21,40,14
21,41,13
21,42,8
21,43,3
21,44,15
21,45,9
21,46,17
21,47,2
21,48,5
21,49,6
21,50,20
21,51,13
21,52,2
21,53,10
21,54,2
21,55,20
21,56,11
21,57,2
21,58,5
21,59,20
21,60,10
21,61,11
21,62,4
21,63,18
21,64,3
21,65,8
21,66,3
21,67,17
21,68,13
21,69,11
21,70,16
21,71,16
21,72,2
21,73,1
21,74,16
21,75,20
21,76,1
21,77,15
21,78,16
21,79,19
21,80,2
21,81,2
21,82,7
21,83,13
21,84,20
21,85,9
21,86,17
21,87,2
21,88,15
21,89,15
21,90,19
21,91,7
21,92,16
21,93,20
21,94,13
21,95,2
21,96,12
21,97,9
21,98,14
21,99,18
22,23,17
22,24,7
22,25,10
22,26,1
22,27,9
22,28,4
22,29,16
22,30,4
22,31,10
22,32,15
22,33,2
22,34,16
22,35,13
22,36,13
22,37,15
22,38,6
22,39,10
22,40,12
22,41,4
22,42,6
22,43,10
22,44,4
22,45,15
22,46,13
22,47,20
22,48,4
22,49,9
22,50,19
22,51,13
22,52,18
22,53,3
22,54,13
22,55,4
22,56,12
22,57,9
22,58,18
22,59,10
22,60,15
22,61,3
22,62,17
22,63,12
22,64,8
22,65,19
22,66,14
22,67,2
22,68,18
22,69,15
22,70,11
22,71,12
22,72,19
22,73,18
22,74,14
22,75,18
22,76,5
22,77,2
22,78,12
22,79,18
22,80,13
22,81,15
22,82,9
22,83,6
22,84,2
22,85,7
22,86,1
22,87,1
22,88,1
22,89,1
22,90,12
22,91,8
22,92,17
22,93,15
22,94,8
22,95,8
22,96,15
22,97,20
22,98,19
22,99,16
23,24,7
23,25,2
23,26,10
23,27,20
23,28,18
23,29,10
23,30,15
23,31,10
23,32,6
23,33,20
23,34,8
23,35,11
23,36,17
23,37,6
23,38,7
23,39,13
23,40,19
23,41,7
23,42,1
23,43,2
23,44,16
23,45,15
23,46,19
23,47,17
23,48,11
23,49,1
23,50,14
23,51,1
23,52,3
23,53,4
23,54,6
23,55,5
23,56,7
23,57,12
23,58,15
23,59,18
23,60,4
23,61,15
23,62,18
23,63,5
23,64,17
23,65,20
23,66,3
23,67,17
23,68,3
23,69,8
23,70,8
23,71,11
23,72,11
23,73,3
23,74,14
23,75,4
23,76,5
23,77,19
23,78,18
23,79,6
23,80,12
23,81,1
23,82,15
23,83,11
23,84,9
23,85,18
23,86,8
23,87,6
23,88,13
23,89,10
23,90,15
23,91,20
23,92,9
23,93,5
23,94,16
23,95,15
23,96,6
23,97,20
23,98,15
23,99,20
24,25,6
24,26,19
24,27,20
24,28,12
24,29,18
24,30,20
24,31,20
24,32,14
24,33,15
24,34,17
24,35,13
24,36,13
24,37,7
24,38,17
24,39,11
24,40,20
24,41,2
24,42,18
24,43,11
24,44,8
24,45,3
24,46,18
24,47,20
24,48,17
24,49,13
24,50,4
24,51,6
24,52,9
24,53,2
24,54,3
24,55,12
24,56,17
24,57,8
24,58,8
24,59,3
24,60,3
24,61,19
24,62,7
24,63,6
24,64,4
24,65,14
24,66,16
24,67,3
24,68,10
24,69,8
24,70,5
24,71,4
24,72,6
24,73,16
24,74,6
24,75,4
24,76,17
24,77,5
24,78,11
24,79,20
24,80,17
24,81,13
24,82,16
24,83,16
24,84,5
24,85,11
24,86,12
24,87,16
24,88,17
24,89,5
24,90,17
24,91,15
24,92,20
24,93,18
24,94,14
24,95,13
24,96,20
24,97,20
24,98,18
24,99,18
25,26,9
25,27,12
25,28,5
25,29,11
25,30,6
25,31,11
25,32,10
25,33,9
25,34,16
25,35,17
25,36,12
25,37,20
25,38,11
25,39,1
25,40,7
25,41,9
25,42,1
25,43,16
25,44,19
25,45,11
25,46,3
25,47,1
25,48,20
25,49,4
25,50,19
25,51,16
25,52,14
25,53,16
25,54,3
25,55,2
25,56,7
25,57,11
25,58,18
25,59,19
25,60,8
25,61,14
25,62,6
25,63,14
25,64,17
25,65,2
25,66,20
25,67,2
25,68,2
25,69,19
25,70,9
25,71,4
25,72,7
25,73,19
25,74,20
25,75,11
25,76,9
25,77,7
25,78,6
25,79,5
25,80,3
25,81,7
25,82,15
25,83,10
25,84,1
25,85,7
25,86,13
25,87,19
25,88,2
25,89,3
25,90,11
25,91,3
25,92,3
25,93,3
25,94,5
25,95,3
25,96,20
25,97,8
25,98,19
25,99,17
26,27,11
26,28,1
26,29,13
26,30,18
26,31,1
26,32,7
26,33,4
26,34,11
26,35,3
26,36,8
26,37,7
26,38,18
26,39,2
26,40,11
26,41,15
26,42,3
26,43,19
26,44,15
26,45,12
26,46,5
26,47,3
26,48,19
26,49,4
26,50,2
26,51,19
26,52,1
26,53,4
26,54,1
26,55,20
26,56,14
26,57,5
26,58,1
26,59,5
26,60,14
26,61,6
26,62,15
26,63,4
26,64,15
26,65,16
26,66,1
26,67,13
26,68,6
26,69,8
26,70,2
26,71,17
26,72,19
26,73,19
26,74,13
26,75,8
26,76,18
26,77,20
26,78,17
26,79,8
26,80,1
26,81,12
26,82,9
26,83,12
26,84,19
26,85,5
26,86,17
26,87,3
26,88,13
26,89,3
26,90,7
26,91,19
26,92,5
26,93,14
26,94,8
26,95,5
26,96,17
26,97,3
26,98,19
26,99,17
27,28,14
27,29,10
27,30,17
27,31,20
27,32,10
27,33,10
27,34,20
27,35,13
27,36,9
27,37,12
27,38,18
27,39,7
27,40,17
27,41,20
27,42,1
27,43,15
27,44,17
27,45,4
27,46,11
27,47,18
27,48,15
27,49,1
27,50,15
27,51,6
27,52,7
27,53,6
27,54,2
27,55,16
27,56,6
27,57,11
27,58,19
27,59,15
27,60,20
27,61,13
27,62,4
27,63,6
27,64,5
27,65,7
27,66,13
27,67,1
27,68,18
27,69,5
27,70,9
27,71,17
27,72,14
27,73,13
27,74,1
27,75,19
27,76,16
27,77,2
27,78,4
27,79,2
27,80,18
27,81,10
27,82,14
27,83,15
27,84,8
27,85,10
27,86,13
27,87,13
27,88,6
27,89,10
27,90,16
27,91,20
27,92,16
27,93,12
27,94,8
27,95,13
27,96,13
27,97,18
27,98,4
27,99,20
28,29,7
28,30,3
28,31,14
28,32,17
28,33,19
28,34,5
28,35,17
28,36,1
28,37,9
28,38,13
28,39,6
28,40,2
28,41,16
28,42,17
28,43,6
28,44,14
28,45,10
28,46,3
28,47,15
28,48,16
28,49,17
28,50,10
28,51,6
28,52,14
28,53,18
28,54,18
28,55,18
28,56,11
28,57,3
28,58,2
28,59,18
28,60,20
28,61,8
28,62,15
28,63,4
28,64,19
28,65,3
28,66,6
28,67,11
28,68,5
28,69,17
28,70,3
28,71,3
28,72,8
28,73,18
28,74,19
28,75,15
28,76,2
28,77,19
28,78,15
28,79,9
28,80,2
28,81,9
28,82,13
28,83,13
28,84,17
28,85,14
28,86,5
28,87,10
28,88,15
28,89,18
28,90,4
28,91,4
28,92,7
28,93,7
28,94,5
28,95,19
28,96,13
28,97,12
28,98,19
28,99,11
29,30,16
29,31,16
29,32,9
29,33,1
29,34,13
29,35,5
29,36,15
29,37,19
29,38,2
29,39,3
29,40,11
29,41,16
29,42,9
29,43,7
29,44,16
29,45,13
29,46,3
29,47,17
29,48,16
29,49,2
29,50,16
29,51,2
29,52,15
29,53,2
29,54,9
29,55,20
29,56,9
29,57,2
29,58,1
29,59,2
29,60,17
29,61,11
29,62,11
29,63,20
29,64,17
29,65,16
29,66,2
29,67,4
29,68,19
29,69,7
29,70,2
29,71,7
29,72,6
29,73,3
29,74,5
29,75,5
29,76,2
29,77,8
29,78,18
29,79,1
29,80,15
29,81,7
29,82,18
29,83,3
29,84,7
29,85,12
29,86,7
29,87,6
29,88,13
29,89,12
29,90,17
29,91,7
29,92,4
29,93,19
29,94,16
29,95,10
29,96,14
29,97,20
29,98,1
29,99,3
30,31,5
30,32,20
30,33,3
30,34,11
30,35,20
30,36,13
30,37,19
30,38,19
30,39,9
30,40,18
30,41,9
30,42,2
30,43,20
30,44,2
30,45,15
30,46,14
30,47,15
30,48,11
30,49,2
30,50,5
30,51,7
30,52,1
30,53,15
30,54,13
30,55,6
30,56,8
30,57,10
30,58,3
30,59,1
30,60,17
30,61,9
30,62,19
30,63,18
30,64,16
30,65,17
30,66,8
30,67,9
30,68,18
30,69,13
30,70,18
30,71,14
30,72,16
30,73,11
30,74,6
30,75,20
30,76,2
30,77,10
30,78,8
30,79,3
30,80,19
30,81,9
30,82,12
30,83,4
30,84,3
30,85,14
30,86,8
30,87,1
30,88,17
30,89,14
30,90,11
30,91,19
30,92,13
30,93,17
30,94,7
30,95,4
30,96,19
30,97,18
30,98,10
30,99,17
31,32,16
31,33,8
31,34,6
31,35,10
31,36,6
31,37,16
31,38,16
31,39,11
31,40,19
31,41,6
31,42,13
31,43,1
31,44,9
31,45,11
31,46,4
31,47,8
31,48,11
31,49,18
31,50,18
31,51,13
31,52,6
31,53,5
31,54,3
31,55,17
31,56,4
31,57,13
31,58,1
31,59,2
31,60,8
31,61,3
31,62,2
31,63,18
31,64,11
31,65,2
31,66,20
31,67,16
31,68,20
31,69,4
31,70,17
31,71,18
31,72,19
31,73,5
31,74,4
31,75,7
31,76,8
31,77,1
31,78,4
31,79,16
31,80,8
31,81,3
31,82,13
31,83,4
31,84,4
31,85,10
31,86,15
31,87,5
31,88,20
31,89,14
31,90,1
31,91,7
31,92,4
31,93,6
31,94,17
31,95,3
31,96,9
31,97,14
31,98,17
31,99,13
32,33,9
32,34,14
32,35,11
32,36,4
32,37,9
32,38,3
32,39,11
32,40,5
32,41,15
32,42,18
32,43,8
32,44,11
32,45,2
32,46,14
32,47,4
32,48,1
32,49,13
32,50,11
32,51,20
32,52,11
32,53,12
32,54,15
32,55,13
32,56,17
32,57,19
32,58,19
32,59,7
32,60,7
32,61,18
32,62,5
32,63,8
32,64,14
32,65,20
32,66,1
32,67,15
32,68,1
32,69,3
32,70,13
32,71,1
32,72,1
32,73,19
32,74,7
32,75,17
32,76,15
32,77,9
32,78,16
32,79,3
32,80,6
32,81,13
32,82,5
32,83,4
32,84,10
32,85,18
32,86,4
32,87,15
32,88,19
32,89,11
32,90,10
32,91,18
32,92,5
32,93,2
32,94,1
32,95,20
32,96,11
32,97,4
32,98,11
32,99,15
33,34,14
33,35,8
33,36,20
33,37,1
33,38,10
33,39,2
33,40,19
33,41,2
33,42,10
33,43,2
33,44,2
33,45,8
33,46,3
33,47,12
33,48,7
33,49,5
33,50,17
33,51,12
33,52,13
33,53,17
33,54,3
33,55,20
33,56,7
33,57,19
33,58,10
33,59,3
33,60,13
33,61,11
33,62,1
33,63,9
33,64,4
33,65,10
33,66,1
33,67,16
33,68,7
33,69,6
33,70,17
33,71,10
33,72,8
33,73,15
33,74,17
33,75,9
33,76,16
33,77,14
33,78,11
33,79,20
33,80,17
33,81,15
33,82,9
33,83,1
33,84,11
33,85,20
33,86,16
33,87,14
33,88,13
33,89,16
33,90,2
33,91,16
33,92,3
33,93,18
33,94,20
33,95,13
33,96,11
33,97,3
33,98,15
33,99,19
34,35,10
34,36,5
34,37,6
34,38,4
34,39,16
34,40,13
34,41,5
34,42,4
34,43,11
34,44,12
34,45,3
34,46,5
34,47,18
34,48,16
34,49,2
34,50,17
34,51,20
34,52,6
34,53,12
34,54,4
34,55,18
34,56,12
34,57,11
34,58,11
34,59,9
34,60,19
34,61,11
34,62,1
34,63,7
34,64,12
34,65,11
34,66,3
34,67,1
34,68,20
34,69,17
34,70,11
34,71,9
34,72,16
34,73,12
34,74,5
34,75,6
34,76,12
34,77,3
34,78,4
34,79,11
34,80,13
34,81,15
34,82,15
34,83,15
34,84,15
34,85,1
34,86,5
34,87,16
34,88,12
34,89,5
34,90,14
34,91,13
34,92,5
34,93,4
34,94,7
34,95,3
34,96,7
34,97,3
34,98,13
34,99,2
35,36,15
35,37,12
35,38,18
35,39,20
35,40,11
35,41,4
35,42,17
35,43,15
35,44,18
35,45,12
35,46,8
35,47,10
35,48,8
35,49,17
35,50,15
35,51,11
35,52,18
35,53,11
35,54,12
35,55,2
35,56,6
35,57,20
35,58,16
35,59,12
35,60,9
35,61,2
35,62,20
35,63,14
35,64,12
35,65,15
35,66,19
35,67,10
35,68,2
35,69,9
35,70,17
35,71,9
35,72,1
35,73,15
35,74,20
35,75,13
35,76,20
35,77,4
35,78,6
35,79,6
35,80,4
35,81,10
35,82,5
35,83,12
35,84,3
35,85,4
35,86,5
35,87,5
35,88,10
35,89,3
35,90,10
35,91,1
35,92,16
35,93,14
35,94,1
35,95,16
35,96,14
35,97,10
35,98,17
35,99,9
36,37,8
36,38,3
36,39,14
36,40,15
36,41,7
36,42,9
36,43,16
36,44,19
36,45,7
36,46,2
36,47,11
36,48,6
36,49,3
36,50,17
36,51,4
36,52,8
36,53,17
36,54,13
36,55,13
36,56,2
36,57,3
36,58,1
36,59,2
36,60,3
36,61,10
36,62,1
36,63,7
36,64,16
36,65,1
36,66,12
36,67,20
36,68,20
36,69,20
36,70,17
36,71,7
36,72,3
36,73,5
36,74,8
36,75,6
36,76,7
36,77,8
36,78,12
36,79,11
36,80,2
36,81,16
36,82,2
36,83,17
36,84,12
36,85,8
36,86,6
36,87,15
36,88,10
36,89,18
36,90,8
36,91,14
36,92,9
36,93,15
36,94,2
36,95,12
36,96,17
36,97,11
36,98,3
36,99,16
37,38,8
37,39,10
37,40,16
37,41,17
37,42,18
37,43,4
37,44,6
37,45,16
37,46,20
37,47,10
37,48,6
37,49,3
37,50,17
37,51,1
37,52,6
37,53,4
37,54,2
37,55,7
37,56,7
37,57,15
37,58,3
37,59,19
37,60,3
37,61,15
37,62,13
37,63,6
37,64,3
37,65,5
37,66,14
37,67,7
37,68,19
37,69,12
37,70,3
37,71,19
37,72,3
37,73,7
37,74,9
37,75,12
37,76,2
37,77,19
37,78,12
37,79,10
37,80,14
37,81,7
37,82,15
37,83,16
37,84,12
37,85,20
37,86,16
37,87,12
37,88,11
37,89,1
37,90,3
37,91,6
37,92,9
37,93,17
37,94,19
37,95,9
37,96,18
37,97,10
37,98,14
37,99,3
38,39,16
38,40,4
38,41,8
38,42,20
38,43,1
38,44,12
38,45,13
38,46,16
38,47,10
38,48,6
38,49,7
38,50,1
38,51,11
38,52,14
38,53,11
38,54,5
38,55,4
38,56,7
38,57,5
38,58,10
38,59,4
38,60,11
38,61,20
38,62,6
38,63,4
38,64,7
38,65,17
38,66,12
38,67,18
38,68,2
38,69,20
38,70,8
38,71,9
38,72,19
38,73,1
38,74,10
38,75,8
38,76,16
38,77,7
38,78,2
38,79,20
38,80,15
38,81,20
38,82,3
38,83,12
38,84,18
38,85,19
38,86,15
38,87,9
38,88,7
38,89,17
38,90,8
38,91,11
38,92,7
38,93,15
38,94,15
38,95,13
38,96,15
38,97,6
38,98,20
38,99,12
39,40,15
39,41,19
39,42,7
39,43,14
39,44,9
39,45,7
39,46,16
39,47,12
39,48,6
39,49,16
39,50,15
39,51,2
39,52,13
39,53,1
39,54,8
39,55,18
39,56,9
39,57,1
39,58,20
39,59,13
39,60,2
39,61,20
39,62,10
39,63,17
39,64,12
39,65,16
39,66,4
39,67,17
39,68,15
39,69,2
39,70,6
39,71,13
39,72,16
39,73,15
39,74,17
39,75,14
39,76,16
39,77,18
39,78,2
39,79,9
39,80,13
39,81,5
39,82,4
39,83,11
39,84,11
39,85,11
39,86,10
39,87,20
39,88,19
39,89,7
39,90,16
39,91,5
39,92,7
39,93,2
39,94,7
39,95,18
39,96,9
39,97,15
39,98,9
39,99,4
40,41,9
40,42,1
40,43,1
40,44,12
40,45,2
40,46,16
40,47,16
40,48,11
40,49,2
40,50,12
40,51,18
40,52,2
40,53,13
40,54,8
40,55,6
40,56,17
40,57,6
40,58,4
40,59,20
40,60,16
40,61,13
40,62,19
40,63,8
40,64,7
40,65,17
40,66,3
40,67,11
40,68,3
40,69,14
40,70,4
40,71,4
40,72,13
40,73,15
40,74,3
40,75,19
40,76,7
40,77,7
40,78,18
40,79,9
40,80,8
40,81,14
40,82,10
40,83,2
40,84,19
40,85,5
40,86,11
40,87,9
40,88,8
40,89,15
40,90,5
40,91,2
40,92,5
40,93,12
40,94,19
40,95,12
40,96,20
40,97,17
40,98,19
40,99,7
41,42,18
41,43,14
41,44,5
41,45,3
41,46,6
41,47,18
41,48,12
41,49,13
41,50,2
41,51,17
41,52,18
41,53,8
41,54,12
41,55,6
41,56,6
41,57,3
41,58,16
41,59,14
41,60,13
41,61,5
41,62,4
41,63,18
41,64,6
41,65,1
41,66,20
41,67,15
41,68,17
41,69,7
41,70,8
41,71,15
41,72,13
41,73,10
41,74,3
41,75,16
41,76,10
41,77,16
41,78,10
41,79,3
41,80,5
41,81,5
41,82,16
41,83,8
41,84,17
41,85,8
41,86,5
41,87,7
41,88,16
41,89,19
41,90,10
41,91,12
41,92,20
41,93,17
41,94,18
41,95,20
41,96,4
41,97,18
41,98,3
41,99,7
42,43,8
42,44,19
42,45,3
42,46,17
42,47,4
42,48,17
42,49,2
42,50,18
42,51,11
42,52,3
42,53,8
42,54,5
42,55,11
42,56,19
42,57,20
42,58,4
42,59,7
42,60,4
42,61,7
42,62,5
42,63,13
42,64,5
42,65,10
42,66,1
42,67,7
42,68,5
42,69,13
42,70,7
42,71,9
42,72,17
42,73,4
42,74,11
42,75,2
42,76,3
42,77,16
42,78,19
42,79,1
42,80,20
42,81,17
42,82,11
42,83,16
42,84,2
42,85,9
42,86,1
42,87,11
42,88,12
42,89,19
42,90,20
42,91,7
42,92,7
42,93,5
42,94,13
42,95,2
42,96,2
42,97,8
42,98,15
42,99,19
43,44,19
43,45,18
43,46,14
43,47,3
43,48,13
43,49,5
43,50,12
43,51,3
43,52,19
43,53,10
43,54,20
43,55,7
43,56,11
43,57,5
43,58,13
43,59,12
43,60,4
43,61,7
43,62,1
43,63,3
43,64,12
43,65,14
43,66,14
43,67,10
43,68,4
43,69,18
43,70,9
43,71,8
43,72,2
43,73,15
43,74,12
43,75,11
43,76,18
43,77,12
43,78,19
43,79,18
43,80,6
43,81,9
43,82,18
43,83,2
43,84,6
43,85,20
43,86,1
43,87,11
43,88,19
43,89,16
43,90,12
43,91,14
43,92,5
43,93,1
43,94,9
43,95,15
43,96,7
43,97,11
43,98,7
43,99,7
44,45,12
44,46,7
44,47,16
44,48,11
44,49,3
44,50,3
44,51,7
44,52,4
44,53,9
44,54,16
44,55,11
44,56,11
44,57,18
44,58,9
44,59,6
44,60,6
44,61,7
44,62,13
44,63,7
44,64,18
44,65,3
44,66,15
44,67,15
44,68,13
44,69,12
44,70,1
44,71,11
44,72,4
44,73,5
44,74,17
44,75,5
44,76,15
44,77,11
44,78,2
44,79,17
44,80,19
44,81,4
44,82,20
44,83,4
44,84,1
44,85,2
44,86,15
44,87,1
44,88,11
44,89,9
44,90,12
44,91,5
44,92,12
44,93,14
44,94,18
44,95,12
44,96,15
44,97,12
44,98,14
44,99,17
45,46,20
45,47,19
45,48,4
45,49,12
45,50,3
45,51,4
45,52,13
45,53,8
45,54,3
45,55,20
45,56,19
45,57,4
45,58,9
45,59,8
45,60,8
45,61,7
45,62,2
45,63,1
45,64,8
45,65,16
45,66,16
45,67,10
45,68,3
45,69,5
45,70,7
45,71,12
45,72,9
45,73,1
45,74,9
45,75,20
45,76,7
45,77,8
45,78,20
45,79,15
45,80,11
45,81,13
45,82,15
45,83,7
45,84,2
45,85,1
45,86,5
45,87,7
45,88,5
45,89,14
45,90,4
45,91,5
45,92,11
45,93,15
45,94,16
45,95,15
45,96,8
45,97,12
45,98,4
45,99,5
46,47,20
46,48,9
46,49,15
46,50,12
46,51,13
46,52,8
46,53,13
46,54,7
46,55,3
46,56,8
46,57,4
46,58,6
46,59,19
46,60,16
46,61,9
46,62,20
46,63,14
46,64,20
46,65,1
46,66,10
46,67,18
46,68,6
46,69,15
46,70,8
46,71,1
46,72,8
46,73,2
46,74,1
46,75,10
46,76,16
46,77,17
46,78,17
46,79,19
46,80,4
46,81,6
46,82,12
46,83,5
46,84,7
46,85,14
46,86,9
46,87,4
46,88,10
46,89,2
46,90,15
46,91,11
46,92,10
46,93,15
46,94,5
46,95,1
46,96,20
46,97,5
46,98,18
46,99,5
47,48,19
47,49,20
47,50,18
47,51,13
47,52,4
47,53,8
47,54,17
47,55,17
47,56,5
47,57,20
47,58,2
47,59,13
47,60,11
47,61,13
47,62,2
47,63,4
47,64,6
47,65,9
47,66,5
47,67,5
47,68,14
47,69,20
47,70,20
47,71,5
47,72,7
47,73,12
47,74,1
47,75,16
47,76,20
47,77,15
47,78,10
47,79,6
47,80,17
47,81,11
47,82,2
47,83,4
47,84,8
47,85,18
47,86,9
47,87,16
47,88,20
47,89,16
47,90,13
47,91,17
47,92,7
47,93,9
47,94,8
47,95,7
47,96,12
47,97,10
47,98,1
47,99,1
48,49,8
48,50,16
48,51,5
48,52,16
48,53,18
48,54,10
48,55,7
48,56,11
48,57,15
48,58,7
48,59,10
48,60,8
48,61,7
48,62,2
48,63,1
48,64,6
48,65,16
48,66,16
48,67,1
48,68,7
48,69,11
48,70,8
48,71,19
48,72,19
48,73,13
48,74,13
48,75,10
48,76,2
48,77,3
48,78,20
48,79,19
48,80,2
48,81,10
48,82,3
48,83,4
48,84,2
48,85,6
48,86,19
48,87,19
48,88,18
48,89,12
48,90,13
48,91,11
48,92,16
48,93,3
48,94,18
48,95,2
48,96,15
48,97,12
48,98,5
48,99,16
49,50,18
49,51,12
49,52,19
49,53,19
49,54,13
49,55,6
49,56,10
49,57,9
49,58,6
49,59,9
49,60,7
49,61,14
49,62,20
49,63,6
49,64,11
49,65,7
49,66,1
49,67,8
49,68,4
49,69,17
49,70,20
49,71,17
49,72,8
49,73,19
49,74,14
49,75,10
49,76,1
49,77,15
49,78,15
49,79,8
49,80,7
49,81,18
49,82,1
49,83,20
49,84,1
49,85,17
49,86,15
49,87,18
49,88,1
49,89,13
49,90,15
49,91,8
49,92,17
49,93,13
49,94,18
49,95,8
49,96,3
49,97,12
49,98,5
49,99,17
50,51,7
50,52,14
50,53,11
50,54,12
50,55,18
50,56,20
50,57,1
50,58,13
50,59,11
50,60,15
50,61,1
50,62,15
50,63,6
50,64,8
50,65,8
50,66,9
50,67,9
50,68,12
50,69,6
50,70,5
50,71,17
50,72,11
50,73,13
50,74,19
50,75,16
50,76,2
50,77,16
50,78,1
50,79,19
50,80,13
50,81,19
50,82,16
50,83,1
50,84,19
50,85,12
50,86,14
50,87,11
50,88,19
50,89,9
50,90,12
50,91,5
50,92,9
50,93,18
50,94,17
50,95,11
50,96,15
50,97,19
50,98,3
50,99,9
51,52,10
51,53,18
51,54,13
51,55,8
51,56,19
51,57,9
51,58,10
51,59,16
51,60,15
51,61,3
51,62,2
51,63,19
51,64,20
51,65,17
51,66,20
51,67,17
51,68,20
51,69,12
51,70,11
51,71,10
51,72,4
51,73,12
51,74,5
51,75,1
51,76,9
51,77,11
51,78,2
51,79,6
51,80,6
51,81,15
51,82,14
51,83,6
51,84,16
51,85,7
51,86,8
51,87,17
51,88,14
51,89,13
51,90,16
51,91,2
51,92,18
51,93,9
51,94,6
51,95,11
51,96,13
51,97,5
51,98,7
51,99,6
52,53,5
52,54,15
52,55,8
52,56,6
52,57,1
52,58,15
52,59,18
52,60,15
52,61,5
52,62,17
52,63,20
52,64,12
52,65,4
52,66,1
52,67,11
52,68,8
52,69,16
52,70,14
52,71,17
52,72,19
52,73,17
52,74,8
52,75,10
52,76,15
52,77,1
52,78,3
52,79,8
52,80,12
52,81,7
52,82,5
52,83,11
52,84,12
52,85,15
52,86,10
52,87,13
52,88,16
52,89,19
52,90,11
52,91,3
52,92,19
52,93,17
52,94,16
52,95,4
52,96,2
52,97,12
52,98,18
52,99,18
53,54,9
53,55,4
53,56,19
53,57,2
53,58,11
53,59,3
53,60,17
53,61,4
53,62,3
53,63,9
53,64,19
53,65,11
53,66,18
53,67,17
53,68,4
53,69,7
53,70,18
53,71,6
53,72,16
53,73,15
53,74,7
53,75,12
53,76,2
53,77,12
53,78,12
53,79,9
53,80,5
53,81,3
53,82,18
53,83,18
53,84,16
53,85,3
53,86,5
53,87,17
53,88,17
53,89,15
53,90,11
53,91,17
53,92,7
53,93,1
53,94,3
53,95,10
53,96,2
53,97,9
53,98,11
53,99,19
54,55,18
54,56,3
54,57,18
54,58,13
54,59,16
54,60,20
54,61,3
54,62,12
54,63,16
54,64,15
54,65,6
54,66,12
54,67,10
54,68,5
54,69,7
54,70,12
54,71,10
54,72,7
54,73,18
54,74,5
54,75,19
54,76,17
54,77,1
54,78,11
54,79,1
54,80,8
54,81,10
54,82,14
54,83,17
54,84,10
54,85,2
54,86,15
54,87,13
54,88,17
54,89,11
54,90,18
54,91,2
54,92,9
54,93,3
54,94,15
54,95,18
54,96,5
54,97,8
54,98,16
54,99,19
55,56,17
55,57,20
55,58,11
55,59,20
55,60,9
55,61,2
55,62,15
55,63,14
55,64,1
55,65,19
55,66,14
55,67,10
55,68,8
55,69,9
55,70,9
55,71,1
55,72,8
55,73,9
55,74,19
55,75,7
55,76,15
55,77,8
55,78,10
55,79,15
55,80,10
55,81,3
55,82,1
55,83,4
55,84,2
55,85,18
55,86,6
55,87,17
55,88,9
55,89,19
55,90,9
55,91,19
55,92,15
55,93,19
55,94,3
55,95,9
55,96,19
55,97,2
55,98,18
55,99,10
56,57,11
56,58,6
56,59,19
56,60,16
56,61,9
56,62,18
56,63,9
56,64,6
56,65,15
56,66,7
56,67,14
56,68,7
56,69,6
56,70,16
56,71,19
56,72,9
56,73,3
56,74,10
56,75,12
56,76,12
56,77,11
56,78,18
56,79,4
56,80,7
56,81,19
56,82,4
56,83,20
56,84,15
56,85,9
56,86,12
56,87,5
56,88,9
56,89,6
56,90,16
56,91,15
56,92,20
56,93,14
56,94,15
56,95,13
56,96,3
56,97,15
56,98,4
56,99,17
57,58,15
57,59,6
57,60,3
57,61,17
57,62,19
57,63,9
57,64,6
57,65,8
57,66,1
57,67,1
57,68,7
57,69,11
57,70,8
57,71,2
57,72,2
57,73,2
57,74,20
57,75,2
57,76,6
57,77,18
57,78,16
57,79,15
57,80,3
57,81,9
57,82,20
57,83,11
57,84,12
57,85,7
57,86,9
57,87,10
57,88,15
57,89,10
57,90,10
57,91,15
57,92,15
57,93,3
57,94,2
57,95,20
57,96,16
57,97,10
57,98,4
57,99,17
58,59,11
58,60,19
58,61,5
58,62,19
58,63,18
58,64,3
58,65,9
58,66,18
58,67,8
58,68,7
58,69,16
58,70,4
58,71,8
58,72,13
58,73,14
58,74,12
58,75,14
58,76,16
58,77,13
58,78,19
58,79,16
58,80,14
58,81,20
58,82,12
58,83,3
58,84,20
58,85,6
58,86,19
58,87,20
58,88,7
58,89,6
58,90,16
58,91,7
58,92,19
58,93,20
58,94,5
58,95,11
58,96,7
58,97,10
58,98,12
58,99,9
59,60,3
59,61,12
59,62,20
59,63,14
59,64,6
59,65,18
59,66,19
59,67,9
59,68,11
59,69,6
59,70,11
59,71,3
59,72,7
59,73,17
59,74,17
59,75,3
59,76,18
59,77,13
59,78,1
59,79,8
59,80,16
59,81,3
59,82,3
59,83,19
59,84,15
59,85,5
59,86,5
59,87,7
59,88,6
59,89,10
59,90,16
59,91,10
59,92,9
59,93,12
59,94,3
59,95,5
59,96,11
59,97,14
59,98,2
59,99,10
60,61,20
60,62,5
60,63,10
60,64,10
60,65,20
60,66,13
60,67,10
60,68,7
60,69,9
60,70,11
60,71,12
60,72,16
60,73,4
60,74,13
60,75,4
60,76,14
60,77,1
60,78,2
60,79,3
60,80,4
60,81,15
60,82,20
60,83,19
60,84,6
60,85,19
60,86,12
60,87,17
60,88,19
60,89,18
60,90,1
60,91,16
60,92,15
60,93,19
60,94,13
60,95,19
60,96,13
60,97,11
60,98,9
60,99,1
61,62,13
61,63,17
61,64,12
61,65,6
61,66,8
61,67,18
61,68,11
61,69,18
61,70,5
61,71,15
61,72,16
61,73,8
61,74,3
61,75,2
61,76,4
61,77,1
61,78,16
61,79,5
61,80,18
61,81,9
61,82,14
61,83,11
61,84,1
61,85,3
61,86,14
61,87,5
61,88,4
61,89,4
61,90,19
61,91,17
61,92,10
61,93,9
61,94,12
61,95,18
61,96,12
61,97,3
61,98,4
61,99,6
62,63,11
62,64,12
62,65,9
62,66,18
62,67,2
62,68,19
62,69,5
62,70,9
62,71,16
62,72,17
62,73,4
62,74,6
62,75,9
62,76,20
62,77,8
62,78,13
62,79,15
62,80,10
62,81,1
62,82,7
62,83,7
62,84,9
62,85,16
62,86,16
62,87,12
62,88,6
62,89,6
62,90,2
62,91,14
62,92,20
62,93,3
62,94,11
62,95,5
62,96,13
62,97,13
62,98,13
62,99,4
63,64,9
63,65,5
63,66,1
63,67,2
63,68,7
63,69,10
63,70,8
63,71,15
63,72,16
63,73,20
63,74,19
63,75,13
63,76,10
63,77,18
63,78,11
63,79,3
63,80,15
63,81,12
63,82,20
63,83,20
63,84,8
63,85,18
63,86,9
63,87,8
63,88,20
63,89,2
63,90,6
63,91,12
63,92,17
63,93,4
63,94,7
63,95,11
63,96,11
63,97,9
63,98,1
63,99,3
64,65,17
64,66,15
64,67,6
64,68,9
64,69,17
64,70,1
64,71,13
64,72,8
64,73,5
64,74,10
64,75,19
64,76,1
64,77,9
64,78,3
64,79,10
64,80,12
64,81,2
64,82,15
64,83,18
64,84,13
64,85,6
64,86,3
64,87,12
64,88,8
64,89,13
64,90,17
64,91,19
64,92,4
64,93,4
64,94,6
64,95,4
64,96,8
64,97,20
64,98,20
64,99,5
65,66,13
65,67,1
65,68,8
65,69,19
65,70,9
65,71,15
65,72,13
65,73,19
65,74,18
65,75,12
65,76,9
65,77,11
65,78,11
65,79,5
65,80,14
65,81,1
65,82,7
65,83,1
65,84,12
65,85,9
65,86,15
65,87,14
65,88,10
65,89,4
65,90,15
65,91,11
65,92,10
65,93,17
65,94,14
65,95,17
65,96,5
65,97,7
65,98,17
65,99,14
66,67,7
66,68,8
66,69,7
66,70,10
66,71,17
66,72,4
66,73,18
66,74,13
66,75,1
66,76,3
66,77,10
66,78,9
66,79,2
66,80,7
66,81,9
66,82,9
66,83,1
66,84,4
66,85,19
66,86,16
66,87,19
66,88,11
66,89,2
66,90,9
66,91,5
66,92,10
66,93,18
66,94,15
66,95,5
66,96,3
66,97,2
66,98,1
66,99,13
67,68,8
67,69,3
67,70,6
67,71,11
67,72,1
67,73,11
67,74,9
67,75,13
67,76,16
67,77,15
67,78,10
67,79,4
67,80,13
67,81,3
67,82,8
67,83,5
67,84,11
67,85,11
67,86,8
67,87,2
67,88,17
67,89,1
67,90,11
67,91,1
67,92,20
67,93,3
67,94,9
67,95,2
67,96,13
67,97,13
67,98,20
67,99,13
68,69,2
68,70,10
68,71,20
68,72,5
68,73,5
68,74,17
68,75,8
68,76,9
68,77,3
68,78,5
68,79,2
68,80,17
68,81,7
68,82,19
68,83,12
68,84,7
68,85,20
68,86,11
68,87,19
68,88,8
68,89,10
68,90,15
68,91,8
68,92,16
68,93,18
68,94,10
68,95,15
68,96,19
68,97,3
68,98,6
68,99,6
69,70,5
69,71,10
69,72,11
69,73,3
69,74,4
69,75,2
69,76,18
69,77,13
69,78,17
69,79,2
69,80,18
69,81,14
69,82,14
69,83,7
69,84,13
69,85,19
69,86,16
69,87,5
69,88,5
69,89,10
69,90,6
69,91,19
69,92,9
69,93,1
69,94,4
69,95,9
69,96,1
69,97,1
69,98,13
69,99,10
70,71,13
70,72,11
70,73,2
70,74,18
70,75,15
70,76,3
70,77,18
70,78,1
70,79,2
70,80,19
70,81,10
70,82,3
70,83,15
70,84,20
70,85,3
70,86,19
70,87,15
70,88,1
70,89,4
70,90,11
70,91,5
70,92,11
70,93,14
70,94,11
70,95,11
70,96,17
70,97,10
70,98,7
70,99,20
71,72,4
71,73,9
71,74,6
71,75,10
71,76,16
71,77,9
71,78,6
71,79,13
71,80,12
71,81,1
71,82,16
71,83,9
71,84,7
71,85,18
71,86,9
71,87,5
71,88,6
71,89,13
71,90,15
71,91,9
71,92,20
71,93,20
71,94,20
71,95,4
71,96,2
71,97,12
71,98,11
71,99,9
72,73,15
72,74,14
72,75,13
72,76,14
72,77,7
72,78,13
72,79,2
72,80,4
72,81,16
72,82,12
72,83,3
72,84,11
72,85,20
72,86,17
72,87,14
72,88,10
72,89,8
72,90,1
72,91,5
72,92,1
72,93,11
72,94,20
72,95,18
72,96,14
72,97,15
72,98,2
72,99,2
73,74,5
73,75,4
73,76,20
73,77,12
73,78,11
73,79,9
73,80,19
73,81,20
73,82,4
73,83,2
73,84,18
73,85,15
73,86,18
73,87,18
73,88,9
73,89,4
73,90,6
73,91,8
73,92,18
73,93,6
73,94,19
73,95,19
73,96,8
73,97,15
73,98,19
73,99,16
74,75,17
74,76,5
74,77,16
74,78,17
74,79,9
74,80,18
74,81,16
74,82,7
74,83,12
74,84,1
74,85,2
74,86,17
74,87,6
74,88,5
74,89,12
74,90,5
74,91,15
74,92,12
74,93,6
74,94,14
74,95,3
74,96,7
74,97,18
74,98,8
74,99,14
75,76,10
75,77,11
75,78,20
75,79,4
75,80,11
75,81,1
75,82,6
75,83,12
75,84,20
75,85,1
75,86,15
75,87,12
75,88,16
75,89,19
75,90,3
75,91,5
75,92,14
75,93,9
75,94,9
75,95,14
75,96,8
75,97,16
75,98,16
75,99,17
76,77,18
76,78,19
76,79,18
76,80,4
76,81,6
76,82,13
76,83,9
76,84,11
76,85,1
76,86,13
76,87,8
76,88,18
76,89,11
76,90,19
76,91,20
76,92,14
76,93,20
76,94,18
76,95,13
76,96,8
76,97,20
76,98,3
76,99,9
77,78,2
77,79,6
77,80,19
77,81,13
77,82,10
77,83,12
77,84,20
77,85,14
77,86,15
77,87,3
77,88,8
77,89,19
77,90,19
77,91,6
77,92,6
77,93,16
77,94,14
77,95,17
77,96,11
77,97,18
77,98,18
77,99,9
78,79,20
78,80,6
78,81,11
78,82,12
78,83,19
78,84,19
78,85,14
78,86,18
78,87,15
78,88,14
78,89,14
78,90,2
78,91,12
78,92,15
78,93,5
78,94,8
78,95,16
78,96,10
78,97,5
78,98,10
78,99,3
79,80,10
79,81,18
79,82,16
79,83,4
79,84,16
79,85,10
79,86,2
79,87,18
79,88,7
79,89,9
79,90,12
79,91,2
79,92,17
79,93,9
79,94,8
79,95,5
79,96,5
79,97,1
79,98,7
79,99,2
80,81,12
80,82,5
80,83,7
80,84,11
80,85,4
80,86,19
80,87,3
80,88,15
80,89,3
80,90,8
80,91,17
80,92,5
80,93,11
80,94,2
80,95,18
80,96,15
80,97,3
80,98,8
80,99,6
81,82,19
81,83,19
81,84,4
81,85,13
81,86,2
81,87,4
81,88,16
81,89,19
81,90,17
81,91,14
81,92,15
81,93,14
81,94,17
81,95,2
81,96,2
81,97,6
81,98,10
81,99,18
82,83,15
82,84,8
82,85,13
82,86,9
82,87,17
82,88,8
82,89,17
82,90,16
82,91,11
82,92,11
82,93,2
82,94,5
82,95,7
82,96,8
82,97,17
82,98,1
82,99,19
83,84,19
83,85,10
83,86,4
83,87,10
83,88,7
83,89,20
83,90,10
83,91,4
83,92,3
83,93,20
83,94,18
83,95,14
83,96,10
83,97,1
83,98,14
83,99,2
84,85,18
84,86,18
84,87,20
84,88,6
84,89,18
84,90,2
84,91,7
84,92,1
84,93,15
84,94,10
84,95,9
84,96,8
84,97,2
84,98,10
84,99,16
85,86,13
85,87,5
85,88,6
85,89,15
85,90,4
85,91,7
85,92,13
85,93,16
85,94,4
85,95,10
85,96,20
85,97,1
85,98,17
85,99,7
86,87,20
86,88,20
86,89,7
86,90,20
86,91,20
86,92,6
86,93,19
86,94,1
86,95,8
86,96,7
86,97,1
86,98,20
86,99,15
87,88,18
87,89,20
87,90,7
87,91,12
87,92,5
87,93,7
87,94,3
87,95,12
87,96,11
87,97,12
87,98,12
87,99,4
88,89,4
88,90,8
88,91,5
88,92,1
88,93,14
88,94,14
88,95,1
88,96,18
88,97,19
88,98,14
88,99,4
89,90,12
89,91,6
89,92,20
89,93,16
89,94,18
89,95,14
89,96,3
89,97,6
89,98,6
89,99,19
90,91,8
90,92,14
90,93,15
90,94,8
90,95,18
90,96,14
90,97,20
90,98,7
90,99,12
91,92,9
91,93,13
91,94,10
91,95,10
91,96,5
91,97,6
91,98,10
91,99,20
92,93,1
92,94,8
92,95,14
92,96,11
92,97,6
92,98,19
92,99,7
93,94,15
93,95,10
93,96,4
93,97,19
93,98,13
93,99,4
94,95,12
94,96,17
94,97,1
94,98,20
94,99,19
95,96,9
95,97,1
95,98,8
95,99,18
96,97,11
96,98,3
96,99,17
97,98,19
97,99,5
98,99,16
