0,1,4
0,2,4
0,5,3
0,6,11
0,8,17
0,9,11
0,10,6
0,11,14
0,12,2
0,13,19
0,14,14
0,15,13
0,16,17
0,17,2
0,18,6
0,19,3
0,20,4
0,21,2
0,22,8
0,23,8
0,24,4
0,25,13
0,26,11
0,27,8
0,28,18
0,29,8
0,30,8
0,31,11
0,32,11
0,35,13
0,36,3
0,37,5
0,38,20
0,39,18
0,40,4
0,41,18
0,42,20
0,43,13
0,44,7
0,45,15
0,46,13
0,47,13
0,48,5
0,49,16
0,50,11
0,51,16
0,52,14
0,53,16
0,54,10
0,55,19
0,57,16
0,58,11
0,59,16
0,60,12
0,61,13
0,63,14
0,64,14
0,65,15
0,67,13
0,68,6
0,69,9
0,70,3
0,71,19
0,72,5
0,73,20
0,74,8
0,75,12
0,76,6
0,78,10
0,79,15
0,80,8
0,81,4
0,82,15
0,83,20
0,84,7
0,85,4
0,86,3
0,87,3
0,88,18
0,89,15
0,90,11
0,91,9
0,93,7
0,94,20
0,95,5
0,96,10
0,97,4
0,98,8
0,99,12
0,101,19
0,102,14
0,103,7
0,104,11
0,105,16
0,106,18
0,107,20
0,108,5
1,2,12
1,3,20
1,5,16
1,6,11
1,7,4
1,8,4
1,9,12
1,10,10
1,11,7
1,12,17
1,13,7
1,14,8
1,15,17
1,16,17
1,17,13
1,18,3
1,19,7
1,20,3
1,21,16
1,22,5
1,23,15
1,24,4
1,25,1
1,26,1
1,28,8
1,29,4
1,30,1
1,32,12
1,33,7
1,34,2
1,35,12
1,37,2
1,38,10
1,39,12
1,40,20
1,41,10
1,42,9
1,43,20
1,44,2
1,45,9
1,47,20
1,48,5
1,49,11
1,50,7
1,51,8
1,53,4
1,55,4
1,56,19
1,57,7
1,58,5
1,59,11
1,60,8
1,61,20
1,62,7
1,63,8
1,64,1
1,65,9
1,66,9
1,68,6
1,69,10
1,70,9
1,71,4
1,72,2
1,73,18
1,74,12
1,75,6
1,76,19
1,77,16
1,78,13
1,79,15
1,81,19
1,82,12
1,83,20
1,84,9
1,86,14
1,87,17
1,88,10
1,89,10
1,90,3
1,91,11
1,92,15
1,93,18
1,94,8
1,95,4
1,97,2
1,98,18
1,99,8
1,100,14
1,101,18
1,102,15
1,103,7
1,104,19
1,105,12
1,106,2
1,107,3
1,108,18
2,4,2
2,5,10
2,6,15
2,7,17
2,8,4
2,10,18
2,11,10
2,12,18
2,13,16
2,14,9
2,15,13
2,16,6
2,17,5
2,18,20
2,19,6
2,20,7
2,22,7
2,23,18
2,24,6
2,25,1
2,26,7
2,27,1
2,28,12
2,29,18
2,30,10
2,31,10
2,32,9
2,33,4
2,34,12
2,36,4
2,37,18
2,38,16
2,39,20
2,40,10
2,42,4
2,43,15
2,44,10
2,45,4
2,46,12
2,47,4
2,48,20
2,49,9
2,50,20
2,51,15
2,52,5
2,54,20
2,55,7
2,56,8
2,57,13
2,58,12
2,59,10
2,61,7
2,62,8
2,63,20
2,64,8
2,65,20
2,66,7
2,68,19
2,69,4
2,70,17
2,71,17
2,72,15
2,73,2
2,74,15
2,75,17
2,77,19
2,78,14
2,79,18
2,81,17
2,82,16
2,83,8
2,84,19
2,85,2
2,86,3
2,87,8
2,88,1
2,89,16
2,90,1
2,91,2
2,92,1
2,93,11
2,94,4
2,95,14
2,97,14
2,99,14
2,100,11
2,101,11
2,102,13
2,103,10
2,104,12
2,105,11
2,106,8
2,108,3
2,109,15
3,4,10
3,5,6
3,6,10
3,7,17
3,8,1
3,9,12
3,10,7
3,12,10
3,13,14
3,14,9
3,15,14
3,16,3
3,17,19
3,18,16
3,19,7
3,20,16
3,21,13
3,24,1
3,25,8
3,26,16
3,27,4
3,28,17
3,29,20
3,30,17
3,31,15
3,32,12
3,33,1
3,34,19
3,35,11
3,36,10
3,37,14
3,38,14
3,39,9
3,40,17
3,41,12
3,42,19
3,43,7
3,44,4
3,45,2
3,47,17
3,48,3
3,49,17
3,50,18
3,51,5
3,52,6
3,53,15
3,54,6
3,55,8
3,56,10
3,57,17
3,60,19
3,61,11
3,62,13
3,63,17
3,64,8
3,65,19
3,66,8
3,67,20
3,68,9
3,69,3
3,70,20
3,71,7
3,73,3
3,74,4
3,76,4
3,77,18
3,79,5
3,80,9
3,81,5
3,83,2
3,84,13
3,85,16
3,86,6
3,87,4
3,88,11
3,89,10
3,90,5
3,91,3
3,92,10
3,93,14
3,94,16
3,95,16
3,96,5
3,98,13
3,99,6
3,100,9
3,101,2
3,102,9
3,103,20
3,105,15
3,106,14
3,107,17
3,108,11
3,109,18
4,5,13
4,6,14
4,7,1
4,8,2
4,9,20
4,10,12
4,11,20
4,12,17
4,13,17
4,14,9
4,15,8
4,16,10
4,17,3
4,18,15
4,19,9
4,20,3
4,21,9
4,22,19
4,23,9
4,24,6
4,25,11
4,27,20
4,28,12
4,29,19
4,30,7
4,31,16
4,33,7
4,34,17
4,35,4
4,36,19
4,37,4
4,38,10
4,39,14
4,40,3
4,41,18
4,42,19
4,43,1
4,44,3
4,45,14
4,46,2
4,47,19
4,48,12
4,49,18
4,50,4
4,51,19
4,52,18
4,53,11
4,54,12
4,55,7
4,56,11
4,57,5
4,58,14
4,59,3
4,60,9
4,61,15
4,62,10
4,63,7
4,64,9
4,65,13
4,66,8
4,67,17
4,68,6
4,69,2
4,70,9
4,71,15
4,72,2
4,73,13
4,74,14
4,75,20
4,76,6
4,77,16
4,78,8
4,79,9
4,80,9
4,81,2
4,83,14
4,84,10
4,85,12
4,86,13
4,87,7
4,88,14
4,89,13
4,90,17
4,91,1
4,92,10
4,93,9
4,94,6
4,95,3
4,96,1
4,97,1
4,99,4
4,102,3
4,103,7
4,104,8
4,105,16
4,107,13
4,108,12
4,109,18
5,6,14
5,7,7
5,9,6
5,10,4
5,11,10
5,13,7
5,14,6
5,15,9
5,16,8
5,17,14
5,18,15
5,19,4
5,20,18
5,21,10
5,22,4
5,24,9
5,25,13
5,26,20
5,27,17
5,29,4
5,30,15
5,31,8
5,32,12
5,33,14
5,34,17
5,35,15
5,36,5
5,37,7
5,38,18
5,39,5
5,40,18
5,42,9
5,43,14
5,44,2
5,45,1
5,46,17
5,47,8
5,48,18
5,49,17
5,51,9
5,52,16
5,53,14
5,54,11
5,55,1
5,56,17
5,57,8
5,58,11
5,59,6
5,62,20
5,63,17
5,64,14
5,65,5
5,66,15
5,67,3
5,68,13
5,69,2
5,70,14
5,71,6
5,72,11
5,73,14
5,74,8
5,75,15
5,76,18
5,78,7
5,79,15
5,80,5
5,81,1
5,82,4
5,83,5
5,84,11
5,86,15
5,87,4
5,89,6
5,90,13
5,91,6
5,92,10
5,93,19
5,95,5
5,96,16
5,97,13
5,98,20
5,99,16
5,100,8
5,101,4
5,102,3
5,104,1
5,105,12
5,106,10
5,107,11
5,108,4
5,109,16
6,7,19
6,8,15
6,9,19
6,10,15
6,11,12
6,12,2
6,13,1
6,15,1
6,16,14
6,17,6
6,18,2
6,19,10
6,20,6
6,21,9
6,22,1
6,23,20
6,24,19
6,25,7
6,26,16
6,28,10
6,29,20
6,30,8
6,31,13
6,32,2
6,33,14
6,34,2
6,35,1
6,36,3
6,37,13
6,38,2
6,39,12
6,40,16
6,41,15
6,42,2
6,43,8
6,44,13
6,45,8
6,46,4
6,47,19
6,48,20
6,49,10
6,50,9
6,51,10
6,52,11
6,53,4
6,54,12
6,55,5
6,56,12
6,58,14
6,59,3
6,61,11
6,62,17
6,63,3
6,64,16
6,65,9
6,66,1
6,67,4
6,68,20
6,69,5
6,70,9
6,71,9
6,72,2
6,73,13
6,74,4
6,75,2
6,76,1
6,77,9
6,78,12
6,79,3
6,81,7
6,82,1
6,83,19
6,84,3
6,85,11
6,87,20
6,88,10
6,89,6
6,90,15
6,91,20
6,92,10
6,93,2
6,94,19
6,96,20
6,97,6
6,98,4
6,99,14
6,100,17
6,101,16
6,102,14
6,103,20
6,104,1
6,105,2
6,106,9
6,107,18
6,108,19
6,109,17
7,8,1
7,9,13
7,10,6
7,11,18
7,12,19
7,13,14
7,14,17
7,15,18
7,16,3
7,17,15
7,18,16
7,19,20
7,20,20
7,21,16
7,22,5
7,23,8
7,24,13
7,25,19
7,26,16
7,27,9
7,28,13
7,29,4
7,30,2
7,31,2
7,32,14
7,33,11
7,34,19
7,35,19
7,36,13
7,37,4
7,38,6
7,39,20
7,40,14
7,41,5
7,42,19
7,43,16
7,44,7
7,45,3
7,46,9
7,47,8
7,48,20
7,49,18
7,50,15
7,51,14
7,52,7
7,53,14
7,55,5
7,56,9
7,57,11
7,58,20
7,59,8
7,60,14
7,61,6
7,62,11
7,63,17
7,64,5
7,65,11
7,66,18
7,67,5
7,68,11
7,69,3
7,71,1
7,72,19
7,73,19
7,74,13
7,76,6
7,77,15
7,78,1
7,79,9
7,80,3
7,81,9
7,82,12
7,83,5
7,84,13
7,85,2
7,86,7
7,87,12
7,88,19
7,89,20
7,90,18
7,91,7
7,92,3
7,93,10
7,94,15
7,95,2
7,96,2
7,97,3
7,98,9
7,99,9
7,100,16
7,101,6
7,102,14
7,103,9
7,104,8
7,105,11
7,106,8
7,107,10
7,108,10
7,109,8
8,9,20
8,10,16
8,11,18
8,12,1
8,13,9
8,15,18
8,16,10
8,17,11
8,18,19
8,19,5
8,22,18
8,23,2
8,24,18
8,25,4
8,26,16
8,27,14
8,28,4
8,29,11
8,30,7
8,31,1
8,32,19
8,33,12
8,34,17
8,35,14
8,37,7
8,38,8
8,39,2
8,40,2
8,41,14
8,43,5
8,44,13
8,46,9
8,47,11
8,48,1
8,49,14
8,50,14
8,51,19
8,52,8
8,53,12
8,54,18
8,56,19
8,57,8
8,58,9
8,59,16
8,60,2
8,61,16
8,62,2
8,63,9
8,64,13
8,65,1
8,66,1
8,67,17
8,68,8
8,69,1
8,70,16
8,72,16
8,73,13
8,74,6
8,75,5
8,76,7
8,77,11
8,78,9
8,79,13
8,80,17
8,81,18
8,82,8
8,83,13
8,85,15
8,86,15
8,87,4
8,88,18
8,89,15
8,90,15
8,91,3
8,92,20
8,93,14
8,94,14
8,95,9
8,97,12
8,98,10
8,99,3
8,100,18
8,101,11
8,102,16
8,103,5
8,104,18
8,105,12
8,106,12
8,107,20
8,108,11
8,109,17
9,10,4
9,11,10
9,12,14
9,13,3
9,14,9
9,15,14
9,16,8
9,17,8
9,18,17
9,19,11
9,20,17
9,22,6
9,23,1
9,24,2
9,25,3
9,26,13
9,27,11
9,28,6
9,29,11
9,30,6
9,31,14
9,32,20
9,33,20
9,34,19
9,35,16
9,36,3
9,37,11
9,38,5
9,39,2
9,40,10
9,42,12
9,43,7
9,44,15
9,45,17
9,46,4
9,47,5
9,48,14
9,49,12
9,50,5
9,51,19
9,52,16
9,53,14
9,54,20
9,55,1
9,56,14
9,57,2
9,58,3
9,59,17
9,60,20
9,61,1
9,62,13
9,63,7
9,64,7
9,65,10
9,66,14
9,67,15
9,68,20
9,69,11
9,70,11
9,71,7
9,72,1
9,73,2
9,74,9
9,75,15
9,77,15
9,78,6
9,79,11
9,80,19
9,81,1
9,83,14
9,84,12
9,85,12
9,86,14
9,87,15
9,88,17
9,89,15
9,90,14
9,91,2
9,92,7
9,93,5
9,94,15
9,95,2
9,96,20
9,97,19
9,98,6
9,99,6
9,100,4
9,101,12
9,102,17
9,103,10
9,104,9
9,106,14
9,107,9
9,108,13
9,109,12
10,11,17
10,13,16
10,14,8
10,15,12
10,16,10
10,17,12
10,18,1
10,19,19
10,20,11
10,21,13
10,22,9
10,23,15
10,24,18
10,25,11
10,26,18
10,27,12
10,28,1
10,29,9
10,30,9
10,31,17
10,33,17
10,34,7
10,35,17
10,36,14
10,37,12
10,38,6
10,39,12
10,40,15
10,41,20
10,42,1
10,43,20
10,44,6
10,45,4
10,46,4
10,47,20
10,48,12
10,49,9
10,50,13
10,51,5
10,52,7
10,53,14
10,54,11
10,55,15
10,56,13
10,57,13
10,58,19
10,59,12
10,61,6
10,62,4
10,63,10
10,64,11
10,65,17
10,67,16
10,68,16
10,69,2
10,70,5
10,71,18
10,72,17
10,73,6
10,74,10
10,75,4
10,76,8
10,77,4
10,78,9
10,79,2
10,80,1
10,81,15
10,82,3
10,83,10
10,85,15
10,86,8
10,87,9
10,90,16
10,91,8
10,92,7
10,93,19
10,95,2
10,96,9
10,97,2
10,98,1
10,99,6
10,100,20
10,101,11
10,102,3
10,103,11
10,104,8
10,105,1
10,106,15
10,107,7
10,108,14
11,12,8
11,13,19
11,14,2
11,15,14
11,16,5
11,17,18
11,19,7
11,20,14
11,21,15
11,22,3
11,23,13
11,24,3
11,25,14
11,26,3
11,27,16
11,28,2
11,29,11
11,30,12
11,31,15
11,33,12
11,34,1
11,35,7
11,36,1
11,37,6
11,38,15
11,39,2
11,40,15
11,41,4
11,42,11
11,43,11
11,44,13
11,45,8
11,46,8
11,47,8
11,48,15
11,49,5
11,51,19
11,52,17
11,53,5
11,54,19
11,55,4
11,56,13
11,59,16
11,60,11
11,61,1
11,62,7
11,63,12
11,64,12
11,65,10
11,66,2
11,67,7
11,68,4
11,69,17
11,71,19
11,72,12
11,73,3
11,74,6
11,75,10
11,76,19
11,77,13
11,78,2
11,80,4
11,81,1
11,82,5
11,83,20
11,84,12
11,85,1
11,86,3
11,87,2
11,88,7
11,89,8
11,91,4
11,92,18
11,93,6
11,94,13
11,95,10
11,96,11
11,97,20
11,99,15
11,100,14
11,101,4
11,102,8
11,103,13
11,104,20
11,105,12
11,106,3
11,107,18
11,108,19
11,109,11
12,13,6
12,14,2
12,15,2
12,16,16
12,18,13
12,19,12
12,20,3
12,21,8
12,22,18
12,23,18
12,25,9
12,26,12
12,28,6
12,29,6
12,30,15
12,31,5
12,32,12
12,33,16
12,34,3
12,35,18
12,36,10
12,37,12
12,38,17
12,39,1
12,40,19
12,41,12
12,42,13
12,43,6
12,44,6
12,45,9
12,47,4
12,48,2
12,49,2
12,50,16
12,51,19
12,52,8
12,53,15
12,54,14
12,55,9
12,58,9
12,59,14
12,60,8
12,61,18
12,62,17
12,64,18
12,65,1
12,66,2
12,67,13
12,68,9
12,69,13
12,70,6
12,71,12
12,72,1
12,74,17
12,75,12
12,76,13
12,77,20
12,78,10
12,79,3
12,80,8
12,81,7
12,82,16
12,83,5
12,85,10
12,86,1
12,87,5
12,89,20
12,90,14
12,91,14
12,92,5
12,93,6
12,94,9
12,95,4
12,96,4
12,97,4
12,98,20
12,99,17
12,100,13
12,102,18
12,103,13
12,104,16
12,106,8
12,107,8
12,108,14
12,109,20
13,14,16
13,15,4
13,16,5
13,17,15
13,18,7
13,20,14
13,21,7
13,22,19
13,23,17
13,24,8
13,25,16
13,26,18
13,27,13
13,28,10
13,29,19
13,30,9
13,31,3
13,32,1
13,33,10
13,34,3
13,35,18
13,36,14
13,37,4
13,38,18
13,39,19
13,40,2
13,42,16
13,43,18
13,45,12
13,46,2
13,47,5
13,48,18
13,49,7
13,50,12
13,51,9
13,52,10
13,53,16
13,54,5
13,56,16
13,57,2
13,58,3
13,59,1
13,61,18
13,62,10
13,63,12
13,64,14
13,65,6
13,66,7
13,67,11
13,68,19
13,69,2
13,70,18
13,71,19
13,72,11
13,73,6
13,74,13
13,75,13
13,76,1
13,77,13
13,78,11
13,79,17
13,80,12
13,82,18
13,83,19
13,85,1
13,86,3
13,87,11
13,88,6
13,89,5
13,90,3
13,91,17
13,92,7
13,93,9
13,94,1
13,95,8
13,96,6
13,97,18
13,98,5
13,99,7
13,100,14
13,101,11
13,102,5
13,103,3
13,104,4
13,105,19
13,106,10
13,107,11
13,108,4
13,109,3
14,15,5
14,16,12
14,17,1
14,19,16
14,20,18
14,21,13
14,22,15
14,23,5
14,24,4
14,25,5
14,26,1
14,27,20
14,28,19
14,29,13
14,30,12
14,31,20
14,32,12
14,33,9
14,34,13
14,35,20
14,36,15
14,37,3
14,38,19
14,40,20
14,41,3
14,42,16
14,43,7
14,44,5
14,45,17
14,46,18
14,47,18
14,48,10
14,49,8
14,50,20
14,51,7
14,52,15
14,53,1
14,54,6
14,56,17
14,57,14
14,58,6
14,59,7
14,61,16
14,63,15
14,64,14
14,65,9
14,66,10
14,67,13
14,68,20
14,69,18
14,70,12
14,71,14
14,72,6
14,74,1
14,76,19
14,77,3
14,78,14
14,79,15
14,80,1
14,81,18
14,82,14
14,83,6
14,84,4
14,85,13
14,86,4
14,87,17
14,88,7
14,89,14
14,90,14
14,91,18
14,92,15
14,95,4
14,96,17
14,97,15
14,98,7
14,99,20
14,100,7
14,101,3
14,102,11
14,103,16
14,104,1
14,105,3
14,106,16
14,108,3
14,109,14
15,16,16
15,18,11
15,19,15
15,20,5
15,22,14
15,23,6
15,24,9
15,25,12
15,27,1
15,28,6
15,29,17
15,31,20
15,32,12
15,33,1
15,34,19
15,35,2
15,36,13
15,37,10
15,38,15
15,39,9
15,40,16
15,41,2
15,42,10
15,43,11
15,44,7
15,45,14
15,46,5
15,47,10
15,48,8
15,49,2
15,50,9
15,51,10
15,53,14
15,54,4
15,55,8
15,56,10
15,57,2
15,58,11
15,59,13
15,60,20
15,61,8
15,62,18
15,63,19
15,64,12
15,65,5
15,66,2
15,67,4
15,68,15
15,69,14
15,70,15
15,71,1
15,73,9
15,74,19
15,75,5
15,76,8
15,78,19
15,79,9
15,80,20
15,81,18
15,82,18
15,83,16
15,85,2
15,86,16
15,87,12
15,88,10
15,89,12
15,90,20
15,91,9
15,92,15
15,93,7
15,94,9
15,95,19
15,96,6
15,97,1
15,98,3
15,99,1
15,101,11
15,102,5
15,103,6
15,104,5
15,105,5
15,106,20
15,107,11
15,108,20
15,109,11
16,17,9
16,18,11
16,19,17
16,20,5
16,22,12
16,23,6
16,24,9
16,25,2
16,28,4
16,29,15
16,30,8
16,31,7
16,32,12
16,33,17
16,34,16
16,35,16
16,37,2
16,38,11
16,39,8
16,40,10
16,41,11
16,42,18
16,43,5
16,44,6
16,45,11
16,46,16
16,47,6
16,48,1
16,49,17
16,50,11
16,51,10
16,53,14
16,54,10
16,55,17
16,56,6
16,57,18
16,58,7
16,59,1
16,60,17
16,61,17
16,62,16
16,63,7
16,64,6
16,65,1
16,66,5
16,67,7
16,68,3
16,69,3
16,70,15
16,71,15
16,72,15
16,73,20
16,74,13
16,75,8
16,76,11
16,77,15
16,78,10
16,79,9
16,80,3
16,81,20
16,82,4
16,84,18
16,85,20
16,86,9
16,87,6
16,88,8
16,89,3
16,90,9
16,91,18
16,92,1
16,93,20
16,94,1
16,95,5
16,96,17
16,97,2
16,98,20
16,99,2
16,100,13
16,101,13
16,102,17
16,103,12
16,104,4
16,106,10
16,107,2
16,108,7
16,109,14
17,18,1
17,20,12
17,21,6
17,22,3
17,23,9
17,24,6
17,25,18
17,26,10
17,27,5
17,28,11
17,29,20
17,30,20
17,31,12
17,32,4
17,33,10
17,34,16
17,35,14
17,36,4
17,37,15
17,38,5
17,39,17
17,40,17
17,41,17
17,42,10
17,43,17
17,44,1
17,45,6
17,46,1
17,47,8
17,48,10
17,49,10
17,50,7
17,51,2
17,52,16
17,53,1
17,54,20
17,56,13
17,57,7
17,58,18
17,60,19
17,61,9
17,63,2
17,64,13
17,65,1
17,66,16
17,67,19
17,68,5
17,69,19
17,71,14
17,72,14
17,73,5
17,74,16
17,75,17
17,76,7
17,77,4
17,78,5
17,79,7
17,81,6
17,82,17
17,83,10
17,84,5
17,85,15
17,87,15
17,88,1
17,89,17
17,91,19
17,92,4
17,93,15
17,94,2
17,95,20
17,96,18
17,97,15
17,98,6
17,99,19
17,100,11
17,101,19
17,102,18
17,103,5
17,104,18
17,105,1
17,106,14
17,107,20
17,108,11
17,109,1
18,19,2
18,20,10
18,21,6
18,22,10
18,23,4
18,24,17
18,25,12
18,26,14
18,27,19
18,28,7
18,29,6
18,30,8
18,32,19
18,33,16
18,34,10
18,36,9
18,37,10
18,39,7
18,40,11
18,41,14
18,42,15
18,43,20
18,44,16
18,45,11
18,46,12
18,47,12
18,48,1
18,49,16
18,51,5
18,52,19
18,54,14
18,55,11
18,56,4
18,57,20
18,58,17
18,59,15
18,60,6
18,61,16
18,62,4
18,63,16
18,64,2
18,65,1
18,66,1
18,67,7
18,68,15
18,69,7
18,70,12
18,71,11
18,72,14
18,73,11
18,74,11
18,75,18
18,77,13
18,78,18
18,79,18
18,80,7
18,81,3
18,82,14
18,83,16
18,84,15
18,85,6
18,86,18
18,87,12
18,88,14
18,89,18
18,90,14
18,91,13
18,92,7
18,93,3
18,94,14
18,95,6
18,96,13
18,97,10
18,99,5
18,100,16
18,101,8
18,102,8
18,103,15
18,104,4
18,105,13
18,106,2
18,107,3
18,108,9
18,109,15
19,20,10
19,21,17
19,22,16
19,23,14
19,24,10
19,25,8
19,26,4
19,27,15
19,28,9
19,29,15
19,30,17
19,33,16
19,34,9
19,35,7
19,36,16
19,37,9
19,38,18
19,39,3
19,40,15
19,41,3
19,44,14
19,45,3
19,46,17
19,47,10
19,48,19
19,49,3
19,50,10
19,52,19
19,53,16
19,54,13
19,55,3
19,56,14
19,57,6
19,58,12
19,59,19
19,60,19
19,61,1
19,62,17
19,63,4
19,64,4
19,65,4
19,67,14
19,68,13
19,69,3
19,71,18
19,72,19
19,73,8
19,74,4
19,75,10
19,76,2
19,77,5
19,78,5
19,79,17
19,80,19
19,81,1
19,82,2
19,83,5
19,84,10
19,85,6
19,86,14
19,87,16
19,88,3
19,89,20
19,90,14
19,91,6
19,92,11
19,94,12
19,95,17
19,96,13
19,97,1
19,99,7
19,100,9
19,101,7
19,102,10
19,103,20
19,104,14
19,105,3
19,106,4
19,107,9
19,109,18
20,21,2
20,22,19
20,23,13
20,24,13
20,25,16
20,26,16
20,27,15
20,29,4
20,30,18
20,31,16
20,32,10
20,33,7
20,34,17
20,35,3
20,36,7
20,37,18
20,38,16
20,40,8
20,41,1
20,43,8
20,44,12
20,45,11
20,46,13
20,47,16
20,50,18
20,52,2
20,53,12
20,54,14
20,56,11
20,58,2
20,59,3
20,60,20
20,61,13
20,63,20
20,64,20
20,65,11
20,66,10
20,67,6
20,68,4
20,69,19
20,70,19
20,71,5
20,73,14
20,74,14
20,75,1
20,76,14
20,77,18
20,78,12
20,79,1
20,80,16
20,81,14
20,82,9
20,83,18
20,84,4
20,85,1
20,86,2
20,87,8
20,88,5
20,89,1
20,92,3
20,93,6
20,94,2
20,95,11
20,96,7
20,98,15
20,99,8
20,100,9
20,101,15
20,102,14
20,103,4
20,104,1
20,105,2
20,106,9
20,107,6
20,109,12
21,22,12
21,23,1
21,24,1
21,25,5
21,27,19
21,29,6
21,30,8
21,31,18
21,32,14
21,33,7
21,34,18
21,35,18
21,36,14
21,37,16
21,38,4
21,39,17
21,40,7
21,41,20
21,42,7
21,43,20
21,44,1
21,45,16
21,46,5
21,47,3
21,48,1
21,49,10
21,50,6
21,51,12
21,52,16
21,53,18
21,54,18
21,55,12
21,56,11
21,57,6
21,58,19
21,59,8
21,60,13
21,62,13
21,63,9
21,64,9
21,65,8
21,66,20
21,67,10
21,68,18
21,69,9
21,71,8
21,72,1
21,73,3
21,74,11
21,75,16
21,76,4
21,78,2
21,79,18
21,81,13
21,82,11
21,83,4
21,84,19
21,85,9
21,86,15
21,88,15
21,89,4
21,90,18
21,91,11
21,92,17
21,93,14
21,94,11
21,95,2
21,96,11
21,97,20
21,98,3
21,99,3
21,100,15
21,102,19
21,103,7
21,104,3
21,105,19
21,106,4
21,107,20
21,108,5
21,109,18
22,23,14
22,24,17
22,25,20
22,26,17
22,27,11
22,28,12
22,29,17
22,30,11
22,31,20
22,33,10
22,34,1
22,35,11
22,36,13
22,37,7
22,38,4
22,39,9
22,40,3
22,41,17
22,42,16
22,44,16
22,45,14
22,46,18
22,47,14
22,48,1
22,49,4
22,50,17
22,51,10
22,52,1
22,53,15
22,54,10
22,55,4
22,56,15
22,57,2
22,58,12
22,59,6
22,60,5
22,61,4
22,62,9
22,63,3
22,64,7
22,65,12
22,66,6
22,67,20
22,68,14
22,69,16
22,70,16
22,71,14
22,72,3
22,73,3
22,74,18
22,75,9
22,76,5
22,78,17
22,79,2
22,80,9
22,81,20
22,82,1
22,83,14
22,84,19
22,85,14
22,86,5
22,87,11
22,88,10
22,89,16
22,90,12
22,91,20
22,92,15
22,93,10
22,94,6
22,95,17
22,96,13
22,97,18
22,98,12
22,99,20
22,100,10
22,101,1
22,102,7
22,103,3
22,104,19
22,106,10
22,107,20
22,109,11
23,24,20
23,25,10
23,26,7
23,27,9
23,28,17
23,29,3
23,30,2
23,31,20
23,32,19
23,33,14
23,34,14
23,35,3
23,36,12
23,37,3
23,38,1
23,39,3
23,40,17
23,41,7
23,42,17
23,43,7
23,44,5
23,46,10
23,47,4
23,48,17
23,49,6
23,50,9
23,51,17
23,52,18
23,54,18
23,56,17
23,58,7
23,59,20
23,60,1
23,61,8
23,62,16
23,63,3
23,65,3
23,66,15
23,67,7
23,69,2
23,70,6
23,71,13
23,73,1
23,74,7
23,75,18
23,76,9
23,77,15
23,78,4
23,79,16
23,80,18
23,81,9
23,82,10
23,83,19
23,84,18
23,85,1
23,86,16
23,87,19
23,88,12
23,89,5
23,92,4
23,93,15
23,94,10
23,95,12
23,96,13
23,97,1
23,98,13
23,99,10
23,100,19
23,102,12
23,103,16
23,104,6
23,105,1
23,106,9
23,107,11
23,109,2
24,26,16
24,27,17
24,28,3
24,29,4
24,30,1
24,31,12
24,32,8
24,34,5
24,36,20
24,37,13
24,38,5
24,39,16
24,40,10
24,41,9
24,42,2
24,44,11
24,46,1
24,47,13
24,48,8
24,49,20
24,50,15
24,51,20
24,52,7
24,53,9
24,54,11
24,55,7
24,56,9
24,57,16
24,58,8
24,59,8
24,61,3
24,62,2
24,63,17
24,64,14
24,65,1
24,66,17
24,68,17
24,69,11
24,70,17
24,71,6
24,72,17
24,73,19
24,74,6
24,75,17
24,76,1
24,77,12
24,78,11
24,79,7
24,80,5
24,81,10
24,82,10
24,85,2
24,87,2
24,88,20
24,89,13
24,90,17
24,91,15
24,92,20
24,93,18
24,94,2
24,96,10
24,97,1
24,98,10
24,99,20
24,100,6
24,101,8
24,102,11
24,103,9
24,104,8
24,105,13
24,106,11
24,107,2
24,108,7
24,109,16
25,26,17
25,27,14
25,28,11
25,29,19
25,31,6
25,32,15
25,33,13
25,34,16
25,35,19
25,36,11
25,37,16
25,39,18
25,40,7
25,41,18
25,42,16
25,43,18
25,44,13
25,45,2
25,46,10
25,47,18
25,48,9
25,49,18
25,50,10
25,51,4
25,52,7
25,53,9
25,54,3
25,55,2
25,56,2
25,57,16
25,58,16
25,60,17
25,61,15
25,62,2
25,63,8
25,64,7
25,65,17
25,67,5
25,68,5
25,69,20
25,70,9
25,71,14
25,72,7
25,73,18
25,74,16
25,75,14
25,76,16
25,77,5
25,78,19
25,79,19
25,80,9
25,81,18
25,82,8
25,83,20
25,84,13
25,85,14
25,86,17
25,87,16
25,88,13
25,89,9
25,90,12
25,91,4
25,92,17
25,93,1
25,94,3
25,95,8
25,96,18
25,97,8
25,98,16
25,99,20
25,100,10
25,101,7
25,102,5
25,103,3
25,106,7
25,107,5
25,108,17
25,109,4
26,27,7
26,28,3
26,29,3
26,30,11
26,31,10
26,32,19
26,33,5
26,34,3
26,35,8
26,36,19
26,37,7
26,38,15
26,39,8
26,40,14
26,41,13
26,42,11
26,43,9
26,44,2
26,45,6
26,46,6
26,47,5
26,48,11
26,50,14
26,51,4
26,52,18
26,53,2
26,54,1
26,55,7
26,56,15
26,57,9
26,58,17
26,59,4
26,62,20
26,63,1
26,64,3
26,65,12
26,66,12
26,67,7
26,68,14
26,69,6
26,70,12
26,71,1
26,72,8
26,73,18
26,74,20
26,75,7
26,76,8
26,77,20
26,78,6
26,79,4
26,80,9
26,81,11
26,82,7
26,83,20
26,84,9
26,85,19
26,86,15
26,87,18
26,89,10
26,90,8
26,91,19
26,92,7
26,93,5
26,94,1
26,95,16
26,96,2
26,97,4
26,99,8
26,101,15
26,102,3
26,103,19
26,104,8
26,105,1
26,107,19
26,109,8
27,28,2
27,29,17
27,30,15
27,31,10
27,32,11
27,33,6
27,34,19
27,35,17
27,36,18
27,37,15
27,38,18
27,39,19
27,40,13
27,41,6
27,42,13
27,43,20
27,44,4
27,46,13
27,47,17
27,48,8
27,49,20
27,51,4
27,52,2
27,53,18
27,56,13
27,58,8
27,59,16
27,60,3
27,61,14
27,62,12
27,63,12
27,64,17
27,65,20
27,66,17
27,67,10
27,68,13
27,69,20
27,70,5
27,71,16
27,72,3
27,73,19
27,74,2
27,76,4
27,77,18
27,78,11
27,79,11
27,80,8
27,81,11
27,82,7
27,83,14
27,84,17
27,85,2
27,86,8
27,87,17
27,88,7
27,89,20
27,90,3
27,91,10
27,92,13
27,93,12
27,94,19
27,95,16
27,96,6
27,97,18
27,98,11
27,99,11
27,100,4
27,101,17
27,102,19
27,103,2
27,105,9
27,106,9
27,108,11
27,109,4
28,29,19
28,30,15
28,31,10
28,32,5
28,33,9
28,34,12
28,35,10
28,36,11
28,37,20
28,38,9
28,39,6
28,40,2
28,41,15
28,42,4
28,43,17
28,44,3
28,47,17
28,49,16
28,50,1
28,51,14
28,52,10
28,53,6
28,54,11
28,55,14
28,57,17
28,58,4
28,59,10
28,60,3
28,61,18
28,62,1
28,63,7
28,64,15
28,66,13
28,67,9
28,68,4
28,69,14
28,70,1
28,72,11
28,73,7
28,74,3
28,75,11
28,76,18
28,77,20
28,78,11
28,79,4
28,80,7
28,81,16
28,82,5
28,83,7
28,84,18
28,85,3
28,86,13
28,87,20
28,89,16
28,90,8
28,91,13
28,92,7
28,94,6
28,96,3
28,97,7
28,98,18
28,99,19
28,100,10
28,101,9
28,102,6
28,103,14
28,104,16
28,105,1
28,106,17
28,107,11
28,108,4
28,109,20
29,30,14
29,31,2
29,32,5
29,33,9
29,34,10
29,35,5
29,36,17
29,37,20
29,38,8
29,39,9
29,40,7
29,43,15
29,44,2
29,45,13
29,46,8
29,47,2
29,48,18
29,49,17
29,50,20
29,51,18
29,52,14
29,53,12
29,54,16
29,55,10
29,57,16
29,59,1
29,60,1
29,61,15
29,62,17
29,63,13
29,64,15
29,65,4
29,66,9
29,67,15
29,68,14
29,69,12
29,70,11
29,71,9
29,72,7
29,73,13
29,74,2
29,75,7
29,76,1
29,77,10
29,78,19
29,79,17
29,80,19
29,81,2
29,82,11
29,83,3
29,84,10
29,85,6
29,86,8
29,87,5
29,88,6
29,89,6
29,90,5
29,91,7
29,92,6
29,93,10
29,94,12
29,95,18
29,96,16
29,97,19
29,98,16
29,99,13
29,100,10
29,101,10
29,103,17
29,104,11
29,105,14
29,106,9
29,107,14
29,108,14
29,109,2
30,31,14
30,32,12
30,33,5
30,34,10
30,35,15
30,36,14
30,38,5
30,39,3
30,40,5
30,41,10
30,42,19
30,43,1
30,44,11
30,45,8
30,46,13
30,47,12
30,48,17
30,49,5
30,50,16
30,51,2
30,52,17
30,53,9
30,54,17
30,55,13
30,56,1
30,57,12
30,58,4
30,59,20
30,60,4
30,62,5
30,63,9
30,64,16
30,65,1
30,66,17
30,67,7
30,68,19
30,69,15
30,70,16
30,71,2
30,72,11
30,73,11
30,74,18
30,76,2
30,77,19
30,78,19
30,79,11
30,80,8
30,81,18
30,82,3
30,84,6
30,86,4
30,87,5
30,88,3
30,89,18
30,90,11
30,91,5
30,92,11
30,93,8
30,94,8
30,95,8
30,96,19
30,97,9
30,98,7
30,99,17
30,100,12
30,101,12
30,102,6
30,103,16
30,105,11
30,106,5
30,107,3
30,108,14
30,109,7
31,32,12
31,33,12
31,34,9
31,35,18
31,37,4
31,38,11
31,39,19
31,40,9
31,41,14
31,42,7
31,43,3
31,44,19
31,45,20
31,46,17
31,47,6
31,48,3
31,49,16
31,50,3
31,51,15
31,52,8
31,53,7
31,54,8
31,56,11
31,57,8
31,58,1
31,59,4
31,60,11
31,61,9
31,63,16
31,64,12
31,65,7
31,66,18
31,67,18
31,69,3
31,71,17
31,72,10
31,73,17
31,74,6
31,75,14
31,76,5
31,77,14
31,78,2
31,79,8
31,80,14
31,81,16
31,82,15
31,83,20
31,84,18
31,85,18
31,86,3
31,87,1
31,88,1
31,89,7
31,90,2
31,91,20
31,93,15
31,94,18
31,95,8
31,96,5
31,97,15
31,98,13
31,99,2
31,100,5
31,101,3
31,102,16
31,103,11
31,104,13
31,105,11
31,106,6
31,107,3
31,108,14
31,109,12
32,33,6
32,34,1
32,35,8
32,36,6
32,37,12
32,38,20
32,39,3
32,40,13
32,41,18
32,42,6
32,43,6
32,44,1
32,45,13
32,46,14
32,47,2
32,48,6
32,49,19
32,50,7
32,51,9
32,52,7
32,54,7
32,55,8
32,56,19
32,57,9
32,58,19
32,60,10
32,61,18
32,62,10
32,63,7
32,64,1
32,65,6
32,66,12
32,67,4
32,68,5
32,69,19
32,71,8
32,72,17
32,73,19
32,74,8
32,75,6
32,76,16
32,77,11
32,78,7
32,79,19
32,80,14
32,81,17
32,82,12
32,83,2
32,84,9
32,85,13
32,86,7
32,87,17
32,88,7
32,89,10
32,90,3
32,91,13
32,92,20
32,93,19
32,94,11
32,95,12
32,96,19
32,97,18
32,98,10
32,99,7
32,100,11
32,101,19
32,102,13
32,103,9
32,104,7
32,105,7
32,106,6
32,107,10
32,108,13
33,34,15
33,35,13
33,36,15
33,37,12
33,38,15
33,39,15
33,40,20
33,41,18
33,42,20
33,44,5
33,45,3
33,46,4
33,47,15
33,48,11
33,49,9
33,50,15
33,51,10
33,53,19
33,54,9
33,55,20
33,56,16
33,57,1
33,58,7
33,59,4
33,60,14
33,62,5
33,64,16
33,65,18
33,66,1
33,67,12
33,68,18
33,69,20
33,70,6
33,71,13
33,72,5
33,73,2
33,74,12
33,75,7
33,76,7
33,77,18
33,78,20
33,79,7
33,80,8
33,81,2
33,82,12
33,83,16
33,84,4
33,85,8
33,86,13
33,87,6
33,88,12
33,89,1
33,90,12
33,91,15
33,92,20
33,94,12
33,95,18
33,96,2
33,97,12
33,98,14
33,101,6
33,102,11
33,103,4
33,104,7
33,105,15
33,106,10
33,107,8
33,109,20
34,36,2
34,37,4
34,38,9
34,39,1
34,40,10
34,41,3
34,42,6
34,43,11
34,44,9
34,46,20
34,47,7
34,48,14
34,49,4
34,50,20
34,51,13
34,52,20
34,53,17
34,54,8
34,55,2
34,56,13
34,57,2
34,58,2
34,59,19
34,60,17
34,61,9
34,62,15
34,65,18
34,66,8
34,67,2
34,68,2
34,69,18
34,70,17
34,71,20
34,72,2
34,73,8
34,74,13
34,75,18
34,76,20
34,77,5
34,78,9
34,79,3
34,81,7
34,82,12
34,83,16
34,84,5
34,85,5
34,86,16
34,88,11
34,89,13
34,90,20
34,91,19
34,93,7
34,94,15
34,95,11
34,96,12
34,97,16
34,98,8
34,99,12
34,100,8
34,101,16
34,102,4
34,103,18
34,104,13
34,105,11
34,106,15
34,107,14
34,108,5
34,109,4
35,36,8
35,37,3
35,38,7
35,39,8
35,40,11
35,42,7
35,43,15
35,44,8
35,46,12
35,47,18
35,48,11
35,49,3
35,50,20
35,51,5
35,52,9
35,53,9
35,54,13
35,55,6
35,56,8
35,57,16
35,58,15
35,59,10
35,60,16
35,62,5
35,63,14
35,64,6
35,65,5
35,66,13
35,67,12
35,68,6
35,69,6
35,70,5
35,71,17
35,72,7
35,73,10
35,74,8
35,75,7
35,76,11
35,77,20
35,78,13
35,79,15
35,80,15
35,81,18
35,82,3
35,83,2
35,84,17
35,85,20
35,86,14
35,87,2
35,88,17
35,89,5
35,90,2
35,91,15
35,92,19
35,93,7
35,94,17
35,95,6
35,96,17
35,97,19
35,98,19
35,99,17
35,100,6
35,101,14
35,103,1
35,104,10
35,105,5
35,106,14
35,107,3
35,108,7
35,109,1
36,37,11
36,38,17
36,39,3
36,40,1
36,41,12
36,42,12
36,43,13
36,44,14
36,46,20
36,47,15
36,48,2
36,49,19
36,50,12
36,51,5
36,52,2
36,54,11
36,55,19
36,56,6
36,57,8
36,58,1
36,59,1
36,60,5
36,61,20
36,62,15
36,63,17
36,65,17
36,66,20
36,67,5
36,68,15
36,69,7
36,71,1
36,72,9
36,73,9
36,74,13
36,75,17
36,76,2
36,77,18
36,79,19
36,80,3
36,82,7
36,83,18
36,84,4
36,85,17
36,86,8
36,87,13
36,88,7
36,89,4
36,90,9
36,92,11
36,93,12
36,96,3
36,97,1
36,98,19
36,99,11
36,100,4
36,101,19
36,102,14
36,104,6
36,105,9
36,106,7
36,107,17
36,108,4
36,109,8
37,38,11
37,39,13
37,40,16
37,41,13
37,42,6
37,43,9
37,44,15
37,45,19
37,47,4
37,48,12
37,49,11
37,51,11
37,52,8
37,53,7
37,54,11
37,55,17
37,56,5
37,57,8
37,58,15
37,59,20
37,60,20
37,61,1
37,62,14
37,63,18
37,64,17
37,65,8
37,66,4
37,67,12
37,69,14
37,70,16
37,71,13
37,72,7
37,73,14
37,74,7
37,76,14
37,77,7
37,78,5
37,79,12
37,80,7
37,81,14
37,82,8
37,83,4
37,84,8
37,85,14
37,86,15
37,87,1
37,88,12
37,89,2
37,90,4
37,91,1
37,92,4
37,94,12
37,95,13
37,96,20
37,97,14
37,98,6
37,99,18
37,100,6
37,102,8
37,103,5
37,104,9
37,105,7
37,106,12
37,107,19
37,108,20
37,109,5
38,39,8
38,40,18
38,41,7
38,42,11
38,43,8
38,44,5
38,45,3
38,46,18
38,47,8
38,49,12
38,50,15
38,51,5
38,53,1
38,54,16
38,55,11
38,56,1
38,57,5
38,58,3
38,59,11
38,60,10
38,61,7
38,62,12
38,63,8
38,64,11
38,65,15
38,66,1
38,67,19
38,68,14
38,69,16
38,70,7
38,71,17
38,72,14
38,73,1
38,74,14
38,75,4
38,76,17
38,78,17
38,79,14
38,81,1
38,82,5
38,83,14
38,84,4
38,85,16
38,86,20
38,87,7
38,88,3
38,89,19
38,90,16
38,91,17
38,92,19
38,94,18
38,95,2
38,96,9
38,97,17
38,98,1
38,100,17
38,101,16
38,102,9
38,103,1
38,104,20
38,105,3
38,107,6
38,109,13
39,41,7
39,42,1
39,43,20
39,44,7
39,45,6
39,46,6
39,47,18
39,48,13
39,49,5
39,50,10
39,51,9
39,52,5
39,54,15
39,55,20
39,56,20
39,57,19
39,58,3
39,59,7
39,61,16
39,62,18
39,63,13
39,64,12
39,65,10
39,66,9
39,67,5
39,68,9
39,69,1
39,70,15
39,71,12
39,72,2
39,73,13
39,74,12
39,75,15
39,77,8
39,78,9
39,79,5
39,80,4
39,82,5
39,83,12
39,84,17
39,85,18
39,87,9
39,88,11
39,89,4
39,90,17
39,92,9
39,93,19
39,94,15
39,95,10
39,96,8
39,97,12
39,98,20
39,99,10
39,100,3
39,101,18
39,102,6
39,103,9
39,104,10
39,105,4
39,106,8
39,108,11
39,109,3
40,42,17
40,43,17
40,44,9
40,45,2
40,46,18
40,47,20
40,48,2
40,49,14
40,50,8
40,51,12
40,52,17
40,53,10
40,54,20
40,56,15
40,57,10
40,58,3
40,59,6
40,61,14
40,63,4
40,64,12
40,65,20
40,66,2
40,67,9
40,68,11
40,69,3
40,71,15
40,74,15
40,75,12
40,76,8
40,77,1
40,79,5
40,80,16
40,81,7
40,82,10
40,83,17
40,84,7
40,85,8
40,86,18
40,87,4
40,88,18
40,89,7
40,91,18
40,92,4
40,93,7
40,95,17
40,96,9
40,97,14
40,99,3
40,100,6
40,102,11
40,103,10
40,104,4
40,106,2
40,107,20
41,42,10
41,43,20
41,44,2
41,45,3
41,46,18
41,47,8
41,48,3
41,49,16
41,50,9
41,51,5
41,52,17
41,54,20
41,55,2
41,56,11
41,57,8
41,58,8
41,59,9
41,60,14
41,61,20
41,62,8
41,63,15
41,64,2
41,67,15
41,68,1
41,69,20
41,70,11
41,71,14
41,72,14
41,73,15
41,74,18
41,75,12
41,76,17
41,78,4
41,79,11
41,80,16
41,81,3
41,82,16
41,83,11
41,84,4
41,85,14
41,86,7
41,88,7
41,90,15
41,91,16
41,92,14
41,94,18
41,95,17
41,96,7
41,97,6
41,98,19
41,99,3
41,100,10
41,101,9
41,102,9
41,103,15
41,104,16
41,105,1
41,106,11
41,107,5
41,108,7
41,109,4
42,43,4
42,44,19
42,45,9
42,46,12
42,48,17
42,49,11
42,50,18
42,51,3
42,52,15
42,54,3
42,55,17
42,56,4
42,57,1
42,58,1
42,59,19
42,60,13
42,61,18
42,62,13
42,63,16
42,64,4
42,65,9
42,66,6
42,67,19
42,68,19
42,69,14
42,70,11
42,71,3
42,72,7
42,73,14
42,74,8
42,75,11
42,77,2
42,78,11
42,79,13
42,80,14
42,81,16
42,83,15
42,84,19
42,85,5
42,86,13
42,88,8
42,89,6
42,90,13
42,91,10
42,93,18
42,95,6
42,96,16
42,97,12
42,98,1
42,99,7
42,100,19
42,101,16
42,102,15
42,103,1
42,104,12
42,105,17
42,106,11
42,107,15
42,108,13
42,109,5
43,44,18
43,45,18
43,46,2
43,47,15
43,48,16
43,49,19
43,50,1
43,52,2
43,53,1
43,55,3
43,56,20
43,57,16
43,58,14
43,59,2
43,60,10
43,61,16
43,62,7
43,63,20
43,64,1
43,65,16
43,66,5
43,67,16
43,68,12
43,70,11
43,71,6
43,72,7
43,73,18
43,74,7
43,76,1
43,77,2
43,78,11
43,79,6
43,80,5
43,81,16
43,82,11
43,83,16
43,85,14
43,86,6
43,88,8
43,89,13
43,90,8
43,91,11
43,92,5
43,93,11
43,94,9
43,95,11
43,96,13
43,97,4
43,98,5
43,99,10
43,100,20
43,101,15
43,102,9
43,103,17
43,105,11
43,106,13
43,107,17
43,108,17
43,109,13
44,45,3
44,46,11
44,47,8
44,48,5
44,50,1
44,51,1
44,52,11
44,53,18
44,54,12
44,55,8
44,56,20
44,57,2
44,58,18
44,59,1
44,60,9
44,61,11
44,62,9
44,63,18
44,64,17
44,65,20
44,66,19
44,67,3
44,68,5
44,69,19
44,70,14
44,71,15
44,72,5
44,73,2
44,74,2
44,75,5
44,76,9
44,77,20
44,78,19
44,80,4
44,81,18
44,82,2
44,84,10
44,85,10
44,86,19
44,87,5
44,88,2
44,89,3
44,90,20
44,91,16
44,92,9
44,95,15
44,96,5
44,97,12
44,98,10
44,99,2
44,100,7
44,102,13
44,103,17
44,104,8
44,106,2
44,107,11
44,108,2
44,109,15
45,46,8
45,47,12
45,48,9
45,50,5
45,51,18
45,52,16
45,53,17
45,54,1
45,56,3
45,57,20
45,58,7
45,59,11
45,60,1
45,61,17
45,62,7
45,63,9
45,64,7
45,65,10
45,66,1
45,67,10
45,68,15
45,69,11
45,70,11
45,71,13
45,72,18
45,73,19
45,74,15
45,75,2
45,76,15
45,77,3
45,78,19
45,79,8
45,80,12
45,81,4
45,82,5
45,83,16
45,84,3
45,85,18
45,86,10
45,87,14
45,88,1
45,89,15
45,90,1
45,91,4
45,92,11
45,93,16
45,94,13
45,95,14
45,97,11
45,98,9
45,99,1
45,101,16
45,102,2
45,103,1
45,105,6
45,106,10
45,107,15
45,108,9
45,109,16
46,47,5
46,48,10
46,51,10
46,52,11
46,53,15
46,54,20
46,55,2
46,56,16
46,57,7
46,58,10
46,59,3
46,60,7
46,61,18
46,62,17
46,63,15
46,64,14
46,65,19
46,66,10
46,67,3
46,68,2
46,69,14
46,70,9
46,71,2
46,72,7
46,73,19
46,74,12
46,75,16
46,76,11
46,77,6
46,78,7
46,80,17
46,81,20
46,82,6
46,84,15
46,85,10
46,86,15
46,87,4
46,89,11
46,90,18
46,91,19
46,93,17
46,94,2
46,96,16
46,97,15
46,98,13
46,99,1
46,100,18
46,101,14
46,102,11
46,104,16
46,105,12
46,106,2
46,107,7
46,108,8
46,109,11
47,48,17
47,49,13
47,50,1
47,51,14
47,52,20
47,53,1
47,55,17
47,56,5
47,57,3
47,58,15
47,59,10
47,60,15
47,61,3
47,62,19
47,63,2
47,64,1
47,66,3
47,67,1
47,68,18
47,69,3
47,70,17
47,71,19
47,72,8
47,73,11
47,74,20
47,75,15
47,77,4
47,78,13
47,79,11
47,80,10
47,81,17
47,83,14
47,84,5
47,85,10
47,86,14
47,87,1
47,88,10
47,89,2
47,90,19
47,91,20
47,92,20
47,94,16
47,95,9
47,96,3
47,97,14
47,98,17
47,99,13
47,100,16
47,101,14
47,102,12
47,103,9
47,104,13
47,105,6
47,106,13
47,107,18
47,108,19
47,109,11
48,49,19
48,50,18
48,51,10
48,52,10
48,53,20
48,54,15
48,55,10
48,56,8
48,57,14
48,58,4
48,59,8
48,60,15
48,61,15
48,62,2
48,63,10
48,64,6
48,65,16
48,67,13
48,68,20
48,69,13
48,71,6
48,72,4
48,73,20
48,75,11
48,76,20
48,77,13
48,78,18
48,79,16
48,80,13
48,82,12
48,84,19
48,85,17
48,86,1
48,87,13
48,88,16
48,89,14
48,90,14
48,91,1
48,92,10
48,93,3
48,96,6
48,98,15
48,99,16
48,101,4
48,102,10
48,103,12
48,105,10
48,106,16
48,107,14
48,108,19
48,109,17
49,51,12
49,52,4
49,53,10
49,54,14
49,55,8
49,56,19
49,57,6
49,58,16
49,60,6
49,61,5
49,62,10
49,63,1
49,65,13
49,66,11
49,67,3
49,68,20
49,69,9
49,70,20
49,72,13
49,73,2
49,74,2
49,75,3
49,76,2
49,77,19
49,78,10
49,80,15
49,81,4
49,82,18
49,83,11
49,84,7
49,85,17
49,86,20
49,87,6
49,88,5
49,90,12
49,91,13
49,92,10
49,93,16
49,94,7
49,95,9
49,96,13
49,97,7
49,98,19
49,100,16
49,102,6
49,103,7
49,104,16
49,106,19
49,107,18
49,108,10
49,109,6
50,51,8
50,53,6
50,54,4
50,55,3
50,56,12
50,57,17
50,58,5
50,59,3
50,60,5
50,61,10
50,63,20
50,64,5
50,65,15
50,66,17
50,67,9
50,69,17
50,70,7
50,71,11
50,72,8
50,73,1
50,74,6
50,75,12
50,76,20
50,77,1
50,78,17
50,79,10
50,80,4
50,81,15
50,82,5
50,83,10
50,86,14
50,87,15
50,88,17
50,89,18
50,90,17
50,92,15
50,93,9
50,94,15
50,95,7
50,96,17
50,97,16
50,98,18
50,99,5
50,100,10
50,101,17
50,102,19
50,103,19
50,104,12
50,105,14
50,106,16
50,107,19
50,108,11
50,109,8
51,52,12
51,53,3
51,54,7
51,55,14
51,56,13
51,57,16
51,58,6
51,59,8
51,60,6
51,61,17
51,62,4
51,63,10
51,64,8
51,65,1
51,66,17
51,68,15
51,69,2
51,70,1
51,71,13
51,72,12
51,73,12
51,74,6
51,75,8
51,76,4
51,77,13
51,78,20
51,79,7
51,80,17
51,81,20
51,82,7
51,83,5
51,85,1
51,86,12
51,87,11
51,88,3
51,90,6
51,91,1
51,92,13
51,93,19
51,94,2
51,95,13
51,96,13
51,97,17
51,98,1
51,99,9
51,100,11
51,101,10
51,102,4
51,103,13
51,104,9
51,106,11
51,107,3
51,108,13
51,109,20
52,53,2
52,54,6
52,57,3
52,58,8
52,59,18
52,60,6
52,61,10
52,62,15
52,63,17
52,64,15
52,65,10
52,66,13
52,67,17
52,68,1
52,69,5
52,70,12
52,71,3
52,72,10
52,73,9
52,74,11
52,75,2
52,76,17
52,77,7
52,78,9
52,79,5
52,80,5
52,81,13
52,82,12
52,83,17
52,84,11
52,85,20
52,86,11
52,87,20
52,88,20
52,89,4
52,90,7
52,91,18
52,92,2
52,93,19
52,94,17
52,95,1
52,96,12
52,97,2
52,98,12
52,99,4
52,100,19
52,101,14
52,102,20
52,103,2
52,104,9
52,105,8
52,106,9
52,107,10
52,108,3
52,109,11
53,54,3
53,55,20
53,56,6
53,57,8
53,58,12
53,59,18
53,61,15
53,62,11
53,63,6
53,64,18
53,65,6
53,66,9
53,67,6
53,68,20
53,69,19
53,70,8
53,72,7
53,73,7
53,74,9
53,75,15
53,76,16
53,77,14
53,78,20
53,79,20
53,80,11
53,81,10
53,82,12
53,83,11
53,84,6
53,85,8
53,86,4
53,87,9
53,88,14
53,90,3
53,91,18
53,92,12
53,93,12
53,94,1
53,95,6
53,96,12
53,97,20
53,98,11
53,99,3
53,100,3
53,104,6
53,105,6
53,106,3
53,107,5
53,108,1
53,109,20
54,55,18
54,56,19
54,57,6
54,58,20
54,59,18
54,60,11
54,61,19
54,62,4
54,63,18
54,64,2
54,65,8
54,66,13
54,67,3
54,69,14
54,70,14
54,71,1
54,72,7
54,73,8
54,74,10
54,75,19
54,76,14
54,77,3
54,78,13
54,79,8
54,80,17
54,81,6
54,82,10
54,84,11
54,85,6
54,86,4
54,87,13
54,89,13
54,90,19
54,91,12
54,92,13
54,93,15
54,94,4
54,95,10
54,96,19
54,97,8
54,98,1
54,99,6
54,100,19
54,101,1
54,102,2
54,103,15
54,104,1
54,105,8
54,106,12
54,107,3
54,108,14
54,109,12
55,57,17
55,58,20
55,59,9
55,60,17
55,61,2
55,62,20
55,63,18
55,64,9
55,65,9
55,66,9
55,67,4
55,68,5
55,69,20
55,70,4
55,72,10
55,73,16
55,74,1
55,75,10
55,76,15
55,77,15
55,78,9
55,79,7
55,80,1
55,82,13
55,83,19
55,84,15
55,85,16
55,86,7
55,87,3
55,88,3
55,89,4
55,90,19
55,91,6
55,92,15
55,93,17
55,94,15
55,95,13
55,96,16
55,97,17
55,100,2
55,102,4
55,103,6
55,104,16
55,105,7
55,106,13
55,107,18
55,108,16
55,109,17
56,57,2
56,58,6
56,59,6
56,62,18
56,63,2
56,64,1
56,65,17
56,66,8
56,68,5
56,69,12
56,70,13
56,72,8
56,73,12
56,74,4
56,75,10
56,76,14
56,77,20
56,78,18
56,79,6
56,80,15
56,81,12
56,82,20
56,83,16
56,84,18
56,85,5
56,86,14
56,88,19
56,89,4
56,91,15
56,92,8
56,93,1
56,94,16
56,95,15
56,96,13
56,97,10
56,98,12
56,99,9
56,100,7
56,101,2
56,102,4
56,104,20
56,105,10
56,106,18
56,107,3
56,108,8
56,109,20
57,58,8
57,59,17
57,60,2
57,61,4
57,62,10
57,63,5
57,64,5
57,65,9
57,66,15
57,67,10
57,68,5
57,69,10
57,70,6
57,72,1
57,73,3
57,74,15
57,76,10
57,77,6
57,78,11
57,79,16
57,80,4
57,81,14
57,82,17
57,83,2
57,84,19
57,85,15
57,87,7
57,88,12
57,89,11
57,91,20
57,92,12
57,93,8
57,94,20
57,95,15
57,97,19
57,98,15
57,100,11
57,101,13
57,102,15
57,103,13
57,104,15
57,105,15
57,106,19
57,107,20
57,108,8
58,59,13
58,60,4
58,61,16
58,62,8
58,63,9
58,64,10
58,65,5
58,66,4
58,67,5
58,68,7
58,69,13
58,70,20
58,72,4
58,73,20
58,74,8
58,76,20
58,77,2
58,78,2
58,79,9
58,80,17
58,81,5
58,82,15
58,83,10
58,84,20
58,85,16
58,86,16
58,87,12
58,88,4
58,89,2
58,90,15
58,91,2
58,92,3
58,93,18
58,94,1
58,95,10
58,96,3
58,97,12
58,98,4
58,99,12
58,100,14
58,101,19
58,102,8
58,103,16
58,104,2
58,105,1
58,106,16
58,108,6
58,109,2
59,61,8
59,62,5
59,63,9
59,64,5
59,65,7
59,66,17
59,67,9
59,68,11
59,69,19
59,70,15
59,71,5
59,73,3
59,74,6
59,75,14
59,76,6
59,77,19
59,78,8
59,79,19
59,80,20
59,81,9
59,82,3
59,83,4
59,84,11
59,85,17
59,86,19
59,87,20
59,88,6
59,89,12
59,91,8
59,92,3
59,93,5
59,94,3
59,95,11
59,97,15
59,98,4
59,99,5
59,100,4
59,101,5
59,102,4
59,103,12
59,104,13
59,105,10
59,106,9
59,107,15
59,108,20
59,109,5
60,61,18
60,62,2
60,64,14
60,65,17
60,66,19
60,67,14
60,68,13
60,69,2
60,70,16
60,71,5
60,72,19
60,73,3
60,74,9
60,75,7
60,76,7
60,77,14
60,78,14
60,79,12
60,80,13
60,81,18
60,82,12
60,83,16
60,84,11
60,85,2
60,86,1
60,88,4
60,89,13
60,90,8
60,92,6
60,93,19
60,94,18
60,95,6
60,96,13
60,97,13
60,98,12
60,99,5
60,100,2
60,101,6
60,102,19
60,104,20
60,105,4
60,106,18
60,107,16
60,108,16
60,109,13
61,62,2
61,63,6
61,65,2
61,66,11
61,68,16
61,69,7
61,70,7
61,71,7
61,72,6
61,73,9
61,74,3
61,75,19
61,76,5
61,77,16
61,78,10
61,79,18
61,80,1
61,81,6
61,83,16
61,84,16
61,85,2
61,86,13
61,87,3
61,88,2
61,90,2
61,91,9
61,92,15
61,93,13
61,94,8
61,96,18
61,97,17
61,98,8
61,99,8
61,100,17
61,101,5
61,102,20
61,103,12
61,105,7
61,106,10
61,107,8
61,108,1
61,109,1
62,63,9
62,64,13
62,65,4
62,66,16
62,67,20
62,68,11
62,69,1
62,70,17
62,71,11
62,72,17
62,73,9
62,74,20
62,75,7
62,76,1
62,77,4
62,78,9
62,79,16
62,80,6
62,81,20
62,82,1
62,83,12
62,84,15
62,86,15
62,87,12
62,88,4
62,89,4
62,90,2
62,91,9
62,92,8
62,93,5
62,94,9
62,95,3
62,96,8
62,97,6
62,98,11
62,99,8
62,100,13
62,101,8
62,102,11
62,103,20
62,104,2
62,105,18
62,106,14
62,107,12
62,108,7
62,109,13
63,64,7
63,65,19
63,66,20
63,67,9
63,68,5
63,69,6
63,70,8
63,71,10
63,72,18
63,73,2
63,74,11
63,75,20
63,76,13
63,77,6
63,78,19
63,79,17
63,80,15
63,81,17
63,82,20
63,83,3
63,84,10
63,85,11
63,86,10
63,88,14
63,89,13
63,91,2
63,92,8
63,93,12
63,94,5
63,95,19
63,96,1
63,98,8
63,99,17
63,100,6
63,102,1
63,103,10
63,104,9
63,105,19
63,106,8
63,108,12
63,109,9
64,65,7
64,66,8
64,67,16
64,68,12
64,69,7
64,70,19
64,71,18
64,72,10
64,74,6
64,75,2
64,76,6
64,77,4
64,78,17
64,79,12
64,80,18
64,82,8
64,83,5
64,84,18
64,85,11
64,86,11
64,87,12
64,88,18
64,89,20
64,90,3
64,91,4
64,92,15
64,93,18
64,94,10
64,95,19
64,97,7
64,98,12
64,101,4
64,102,3
64,103,2
64,104,2
64,105,4
64,106,11
64,107,6
64,108,16
64,109,11
65,67,7
65,68,3
65,69,6
65,70,15
65,71,15
65,72,18
65,73,16
65,75,1
65,76,8
65,77,18
65,78,8
65,80,11
65,81,10
65,82,3
65,83,13
65,84,19
65,85,13
65,86,12
65,87,9
65,91,15
65,92,1
65,93,17
65,94,5
65,95,16
65,97,17
65,98,19
65,99,7
65,100,14
65,101,1
65,102,18
65,103,20
65,104,7
65,105,7
65,106,3
65,107,6
65,109,19
66,67,4
66,68,16
66,69,12
66,70,18
66,71,18
66,72,12
66,73,2
66,74,13
66,75,18
66,76,6
66,77,8
66,78,1
66,79,16
66,80,10
66,81,7
66,82,13
66,83,18
66,84,11
66,85,13
66,87,13
66,88,10
66,89,6
66,91,3
66,92,8
66,93,10
66,94,3
66,95,3
66,97,5
66,98,20
66,99,13
66,100,16
66,101,3
66,102,17
66,103,13
66,104,1
66,105,12
66,106,19
66,107,10
66,109,9
67,68,16
67,69,13
67,70,6
67,71,3
67,72,8
67,73,13
67,75,4
67,76,1
67,79,17
67,80,12
67,81,4
67,82,7
67,84,17
67,85,3
67,86,14
67,87,8
67,88,12
67,89,8
67,90,3
67,91,15
67,92,20
67,93,9
67,94,16
67,95,20
67,96,2
67,97,14
67,98,13
67,99,20
67,100,6
67,101,5
67,102,20
67,103,1
67,104,3
67,105,7
67,107,3
67,108,17
67,109,11
68,69,8
68,70,18
68,71,4
68,72,20
68,73,16
68,74,8
68,75,11
68,76,5
68,77,3
68,78,3
68,79,1
68,80,1
68,81,15
68,82,1
68,83,8
68,84,12
68,85,16
68,86,20
68,87,12
68,88,11
68,89,20
68,90,12
68,91,1
68,92,5
68,93,12
68,94,5
68,95,5
68,96,7
68,97,18
68,98,1
68,100,15
68,101,16
68,103,13
68,104,11
68,105,17
68,107,5
68,108,16
68,109,12
69,71,2
69,72,17
69,73,4
69,74,8
69,76,15
69,78,1
69,79,9
69,80,19
69,81,6
69,82,6
69,83,3
69,84,1
69,85,19
69,86,5
69,88,9
69,89,20
69,90,8
69,91,14
69,93,14
69,94,5
69,95,16
69,97,11
69,98,11
69,99,8
69,100,18
69,101,12
69,102,17
69,103,7
69,104,4
69,105,11
69,107,7
69,108,1
69,109,13
70,71,11
70,72,6
70,73,10
70,74,2
70,77,2
70,78,17
70,80,4
70,81,18
70,82,6
70,83,17
70,84,13
70,85,20
70,86,4
70,87,12
70,88,5
70,89,1
70,90,7
70,91,7
70,92,19
70,93,1
70,94,9
70,95,20
70,96,3
70,97,17
70,98,20
70,99,11
70,100,7
70,101,17
70,102,10
70,103,7
70,104,13
70,105,15
70,106,4
70,107,20
70,108,19
70,109,16
71,72,14
71,73,8
71,74,12
71,76,10
71,78,15
71,79,14
71,80,20
71,81,10
71,82,8
71,83,13
71,84,6
71,85,7
71,86,1
71,87,17
71,88,9
71,89,7
71,90,17
71,91,17
71,92,15
71,93,20
71,94,7
71,95,18
71,96,12
71,97,12
71,98,18
71,99,11
71,100,4
71,101,20
71,102,19
71,105,10
71,106,15
71,107,12
71,108,15
71,109,15
72,73,7
72,75,16
72,76,14
72,77,3
72,78,19
72,80,1
72,81,5
72,82,18
72,83,6
72,84,10
72,85,7
72,86,6
72,88,16
72,89,8
72,90,17
72,91,11
72,92,8
72,93,14
72,94,2
72,95,12
72,96,1
72,97,7
72,98,8
72,99,1
72,100,15
72,102,17
72,103,9
72,104,14
72,105,19
72,107,8
72,108,15
72,109,3
73,74,13
73,75,7
73,76,3
73,77,15
73,78,13
73,79,9
73,80,20
73,81,5
73,82,4
73,83,7
73,84,2
73,85,1
73,86,7
73,87,13
73,88,11
73,90,10
73,91,4
73,92,19
73,93,18
73,94,13
73,95,2
73,96,1
73,98,9
73,99,4
73,100,14
73,101,1
73,102,4
73,103,10
73,104,20
73,105,8
73,106,6
73,107,10
73,108,16
73,109,9
74,76,17
74,77,13
74,78,5
74,79,1
74,80,12
74,81,1
74,82,9
74,83,10
74,84,19
74,85,14
74,86,4
74,87,16
74,88,18
74,90,8
74,91,12
74,92,5
74,93,4
74,94,8
74,95,11
74,96,13
74,97,20
74,98,20
74,99,19
74,100,8
74,101,15
74,102,3
74,104,9
74,105,2
74,106,9
74,107,12
74,108,14
74,109,11
75,76,12
75,77,12
75,78,14
75,79,17
75,80,18
75,81,5
75,82,17
75,83,17
75,84,17
75,85,16
75,86,2
75,87,10
75,88,10
75,90,2
75,91,4
75,92,12
75,93,14
75,94,17
75,95,3
75,96,1
75,98,8
75,99,2
75,100,14
75,101,17
75,103,1
75,104,17
75,105,16
75,106,18
75,107,3
75,108,14
75,109,4
76,77,20
76,78,3
76,79,7
76,80,3
76,81,5
76,82,11
76,83,16
76,84,11
76,85,6
76,86,6
76,88,17
76,89,13
76,90,6
76,91,11
76,92,11
76,93,4
76,94,3
76,95,8
76,96,8
76,98,19
76,99,14
76,100,3
76,102,5
76,103,9
76,104,8
76,105,7
76,106,1
76,107,19
76,108,17
76,109,20
77,78,2
77,79,18
77,80,6
77,81,13
77,82,14
77,83,1
77,84,9
77,85,20
77,86,5
77,87,16
77,89,7
77,90,5
77,91,17
77,92,3
77,93,8
77,94,10
77,95,18
77,96,17
77,97,18
77,98,13
77,99,8
77,100,2
77,102,19
77,103,18
77,104,20
77,105,17
77,106,17
77,107,15
77,108,8
77,109,7
78,79,13
78,80,17
78,81,18
78,82,20
78,83,17
78,84,14
78,86,18
78,87,5
78,88,12
78,89,12
78,90,20
78,91,12
78,93,16
78,94,15
78,95,14
78,96,15
78,97,4
78,98,19
78,99,14
78,100,3
78,101,16
78,102,8
78,103,10
78,104,11
78,105,8
78,106,11
78,107,19
78,109,14
79,80,13
79,81,16
79,82,6
79,83,10
79,84,19
79,85,14
79,86,17
79,87,15
79,88,13
79,89,20
79,90,18
79,91,18
79,92,13
79,93,2
79,94,9
79,95,1
79,96,11
79,97,6
79,99,6
79,100,2
79,101,7
79,102,10
79,103,2
79,104,12
79,106,13
79,107,4
79,108,16
79,109,2
80,81,7
80,82,6
80,83,14
80,84,17
80,85,12
80,86,19
80,87,17
80,88,6
80,89,2
80,90,18
80,91,4
80,92,11
80,93,4
80,94,4
80,95,11
80,96,20
80,97,2
80,98,9
80,99,13
80,100,4
80,101,17
80,102,5
80,103,1
80,104,11
80,105,14
80,106,4
80,107,9
80,108,20
80,109,3
81,82,16
81,83,7
81,85,7
81,86,11
81,87,6
81,88,5
81,89,3
81,90,19
81,91,4
81,92,4
81,93,15
81,94,4
81,95,15
81,96,16
81,97,12
81,99,8
81,100,4
81,101,4
81,102,16
81,103,9
81,104,11
81,106,18
81,107,12
81,108,5
81,109,6
82,83,15
82,84,20
82,85,17
82,86,3
82,87,18
82,88,17
82,89,1
82,90,5
82,91,3
82,92,10
82,93,18
82,94,17
82,95,20
82,96,1
82,97,18
82,98,18
82,100,13
82,101,1
82,102,11
82,103,8
82,104,11
82,105,10
82,106,5
82,107,9
82,108,10
82,109,20
83,84,9
83,85,18
83,87,16
83,88,11
83,89,5
83,90,9
83,91,17
83,92,12
83,93,8
83,94,3
83,95,4
83,96,3
83,97,16
83,100,19
83,101,3
83,102,4
83,103,11
83,105,18
83,106,5
83,107,10
83,108,19
83,109,5
84,85,8
84,86,7
84,87,3
84,88,7
84,89,9
84,90,14
84,92,1
84,94,11
84,95,13
84,96,16
84,97,17
84,98,9
84,99,11
84,100,8
84,101,6
84,102,6
84,105,9
84,106,19
84,107,20
84,108,10
84,109,1
85,86,19
85,87,2
85,88,18
85,89,13
85,90,9
85,91,13
85,92,1
85,93,14
85,94,15
85,95,14
85,96,3
85,97,16
85,98,10
85,100,20
85,101,9
85,103,19
85,104,18
85,105,14
85,106,8
85,107,18
85,108,1
86,87,3
86,88,8
86,89,20
86,90,8
86,91,20
86,92,19
86,94,5
86,95,12
86,97,3
86,98,13
86,99,5
86,100,2
86,101,12
86,102,2
86,103,16
86,104,18
86,105,13
86,106,11
86,107,5
86,108,19
86,109,14
87,89,6
87,90,20
87,92,20
87,93,16
87,94,4
87,95,2
87,96,10
87,97,4
87,98,9
87,99,4
87,101,11
87,102,11
87,103,1
87,104,20
87,105,8
87,106,14
87,107,8
87,108,10
88,89,15
88,91,19
88,92,2
88,93,1
88,94,1
88,95,7
88,96,11
88,97,3
88,98,3
88,99,11
88,100,17
88,101,1
88,102,9
88,103,20
88,104,20
88,105,18
88,106,14
88,107,8
88,108,2
88,109,4
89,90,20
89,91,1
89,92,20
89,93,12
89,94,11
89,96,14
89,97,14
89,99,15
89,100,4
89,101,8
89,102,10
89,104,4
89,105,3
89,106,17
89,107,3
89,108,2
89,109,3
90,91,18
90,93,16
90,94,5
90,95,17
90,96,19
90,97,18
90,98,7
90,100,2
90,101,12
90,104,7
90,105,2
90,106,15
90,108,18
90,109,11
91,92,16
91,93,15
91,94,2
91,95,11
91,96,8
91,97,20
91,98,19
91,100,4
91,101,18
91,102,8
91,103,17
91,104,18
91,107,6
91,108,20
91,109,13
92,93,6
92,94,10
92,95,19
92,96,10
92,97,16
92,98,3
92,99,18
92,100,5
92,101,12
92,102,10
92,103,9
92,104,13
92,106,18
92,107,14
92,108,14
92,109,15
93,94,17
93,95,17
93,96,2
93,98,11
93,99,18
93,100,14
93,101,15
93,102,6
93,104,18
93,105,1
93,106,15
93,108,16
93,109,14
94,95,13
94,96,19
94,97,16
94,98,12
94,99,5
94,101,8
94,102,5
94,103,10
94,104,4
94,105,17
94,106,9
94,107,9
94,108,2
95,96,6
95,97,5
95,98,16
95,99,8
95,101,10
95,102,19
95,103,1
95,104,2
95,105,7
95,106,1
95,107,16
95,108,16
95,109,3
96,98,13
96,99,14
96,100,11
96,101,17
96,102,12
96,105,6
96,106,5
96,107,15
96,108,16
96,109,7
97,98,16
97,99,16
97,100,6
97,101,14
97,102,8
97,103,1
97,104,13
97,105,2
97,106,13
97,107,16
97,108,12
98,99,7
98,100,18
98,101,12
98,102,20
98,103,19
98,104,10
98,105,1
98,106,18
98,107,14
98,108,18
98,109,16
99,100,9
99,101,1
99,102,20
99,103,14
99,104,17
99,105,8
99,107,19
99,108,4
99,109,19
100,101,7
100,102,19
100,103,8
100,104,14
100,105,3
100,106,16
100,107,16
100,108,10
100,109,12
101,102,1
101,103,16
101,104,12
101,105,4
101,106,2
101,107,6
101,108,2
101,109,10
102,103,18
102,104,4
102,105,3
102,106,19
102,107,9
102,109,10
103,104,16
103,105,19
103,106,11
103,107,8
103,109,4
104,105,6
104,107,18
104,108,3
104,109,16
105,106,5
105,107,20
105,108,14
105,109,9
106,107,5
106,108,3
106,109,9
107,108,20
107,109,12
108,109,19
